desc: I1 cache:         65536 B, 64 B, 2-way associative
desc: D1 cache:         65536 B, 64 B, 2-way associative
desc: LL cache:         5242880 B, 64 B, 80-way associative
cmd: /home/dopitek/Przedrostki/bin/Debug/Przedrostki
events: Ir I1mr ILmr Dr D1mr DLmr Dw D1mw DLmw 
fl=/build/glibc-9tT8Do/glibc-2.23/csu/../csu/init-first.c
fn=_init
52 8 1 1 0 0 0 4 0 0
58 4 1 1 1 0 0 1 1 1
65 5 1 1 4 0 0 0 0 0
70 1 0 0 0 0 0 1 1 1
71 1 0 0 0 0 0 1 1 1
72 2 0 0 1 0 0 1 1 1
86 4 0 0 0 0 0 1 0 0
94 1 0 0 0 0 0 1 0 0
99 6 0 0 5 0 0 0 0 0
fl=/build/glibc-9tT8Do/glibc-2.23/csu/../csu/libc-start.c
fn=(below main)
134 10 1 1 0 0 0 8 0 0
138 7 1 1 1 0 0 1 0 0
220 2 1 1 0 0 0 0 0 0
221 4 0 0 0 0 0 1 0 0
243 4 0 0 2 0 0 0 0 0
246 2 0 0 0 0 0 0 0 0
247 5 0 0 4 0 0 1 0 0
251 4 1 1 2 0 0 0 0 0
266 2 0 0 0 0 0 0 0 0
278 2 0 0 0 0 0 1 0 0
279 2 0 0 0 0 0 0 0 0
284 2 0 0 1 1 0 1 0 0
285 2 0 0 1 0 0 1 0 0
288 2 0 0 0 0 0 1 0 0
291 6 0 0 5 0 0 1 0 0
325 2 0 0 0 0 0 1 0 0
fl=/build/glibc-9tT8Do/glibc-2.23/csu/../sysdeps/generic/dl-hash.h
fn=_init
45 12 0 0 4 0 0 0 0 0
48 12 0 0 0 0 0 0 0 0
62 16 0 0 0 0 0 0 0 0
fl=/build/glibc-9tT8Do/glibc-2.23/csu/../sysdeps/unix/sysv/linux/x86_64/init-first.c
fn=_init
36 11 2 2 0 0 0 4 0 0
38 4 0 0 0 0 0 1 0 0
39 2 0 0 0 0 0 0 0 0
40 2 1 1 0 0 0 0 0 0
41 2 1 1 1 0 0 0 0 0
42 1 0 0 0 0 0 1 0 0
44 3 0 0 0 0 0 1 0 0
45 2 0 0 1 0 0 0 0 0
46 1 0 0 0 0 0 1 0 0
fl=/build/glibc-9tT8Do/glibc-2.23/ctype/ctype-info.c
fn=__ctype_init
31 7 2 2 5 1 0 1 0 0
33 4 0 0 2 0 0 1 0 0
35 5 0 0 3 0 0 1 0 0
fl=/build/glibc-9tT8Do/glibc-2.23/ctype/ctype.c
fn=tolower
46 135432 2 2 75240 22 16 0 0 0
47 15048 0 0 15048 0 0 0 0 0
fl=/build/glibc-9tT8Do/glibc-2.23/elf/../elf/dl-runtime.c
fn=_dl_fixup
66 36 1 1 0 0 0 12 0 0
68 12 0 0 12 0 0 0 0 0
69 24 0 0 24 2 0 0 0 0
71 48 1 1 12 2 0 0 0 0
72 12 0 0 12 1 0 0 0 0
73 84 0 0 24 7 0 12 0 0
74 36 0 0 24 2 0 0 0 0
79 24 0 0 0 0 0 0 0 0
83 24 1 1 12 7 5 0 0 0
87 36 0 0 12 1 0 0 0 0
91 12 0 0 12 1 0 0 0 0
92 60 0 0 24 3 0 0 0 0
94 48 0 0 12 1 0 0 0 0
100 12 0 0 0 0 0 0 0 0
101 36 1 1 12 1 0 0 0 0
111 120 0 0 24 1 0 36 0 0
115 60 1 1 36 0 0 0 0 0
125 72 0 0 24 0 0 0 0 0
133 12 0 0 12 0 0 0 0 0
141 48 0 0 12 0 0 0 0 0
145 36 0 0 12 1 0 0 0 0
149 36 0 0 24 0 0 0 0 0
fl=/build/glibc-9tT8Do/glibc-2.23/elf/../elf/dl-sysdep.c
fn=_dl_sysdep_start
86 8 1 1 0 0 0 6 1 1
110 1 0 0 0 0 0 1 0 0
111 68 1 1 21 3 3 4 3 3
114 2 0 0 0 0 0 1 0 0
115 1 0 0 0 0 0 1 0 0
117 132 5 5 34 2 2 17 1 1
118 107 0 0 18 2 2 0 0 0
121 1 0 0 1 0 0 0 0 0
122 1 0 0 0 0 0 0 0 0
124 1 0 0 1 1 1 0 0 0
125 1 0 0 0 0 0 0 0 0
127 1 1 1 1 1 1 0 0 0
128 2 0 0 0 0 0 0 0 0
130 1 0 0 1 0 0 0 0 0
131 2 0 0 0 0 0 0 0 0
151 1 0 0 1 1 1 0 0 0
152 2 0 0 0 0 0 0 0 0
154 1 0 0 1 0 0 0 0 0
155 2 0 0 0 0 0 0 0 0
157 2 1 1 1 0 0 1 0 0
158 2 0 0 0 0 0 0 0 0
163 2 1 1 1 0 0 1 0 0
164 2 0 0 0 0 0 1 0 0
179 2 1 1 1 0 0 1 0 0
180 2 0 0 0 0 0 1 0 0
231 2 0 0 0 0 0 0 0 0
232 2 0 0 0 0 0 2 0 0
234 5 0 0 0 0 0 1 0 0
246 3 1 1 1 0 0 0 0 0
249 5 0 0 1 0 0 1 0 0
250 1 0 0 1 1 0 0 0 0
251 8 0 0 7 0 0 0 0 0
fn=_dl_sysdep_start_cleanup
256 1 0 0 1 0 0 0 0 0
fl=/build/glibc-9tT8Do/glibc-2.23/elf/../misc/sbrk.c
fn=sbrk
34 4 0 0 0 0 0 2 0 0
42 6 1 1 2 1 1 0 0 0
46 2 0 0 0 0 0 0 0 0
62 5 0 0 3 0 0 0 0 0
fl=/build/glibc-9tT8Do/glibc-2.23/elf/../sysdeps/posix/dl-fileid.h
fn=_dl_map_object_from_fd
37 12 1 1 0 0 0 2 0 0
40 2 0 0 2 0 0 0 0 0
41 4 0 0 2 0 0 2 0 0
49 12 0 0 6 1 1 0 0 0
fl=/build/glibc-9tT8Do/glibc-2.23/elf/../sysdeps/unix/sysv/linux/dl-osinfo.h
fn=dl_main
77 1 0 0 1 0 0 0 0 0
fl=/build/glibc-9tT8Do/glibc-2.23/elf/../sysdeps/unix/sysv/linux/dl-sysdep.c
fn=_dl_discover_osversion
45 7 1 1 0 0 0 6 0 0
47 3 1 1 1 0 0 0 0 0
87 5 1 1 0 0 0 1 1 1
102 1 0 0 0 0 0 0 0 0
106 1 0 0 0 0 0 0 0 0
107 1 0 0 0 0 0 0 0 0
109 12 0 0 3 1 1 0 0 0
111 6 0 0 0 0 0 0 0 0
113 12 0 0 3 0 0 0 0 0
119 3 0 0 0 0 0 0 0 0
120 3 1 1 0 0 0 0 0 0
121 3 0 0 0 0 0 0 0 0
123 13 0 0 0 0 0 0 0 0
128 2 0 0 0 0 0 0 0 0
132 8 1 1 7 0 0 0 0 0
fn=_dl_sysdep_start
35 2 1 1 0 0 0 1 0 0
fl=/build/glibc-9tT8Do/glibc-2.23/elf/../sysdeps/unix/sysv/linux/dl-vdso.c
fn=_dl_vdso_vsym
27 8 1 1 8 1 0 0 0 0
28 8 1 1 4 0 0 0 0 0
31 8 0 0 0 0 0 0 0 0
fl=/build/glibc-9tT8Do/glibc-2.23/elf/../sysdeps/unix/sysv/linux/x86_64/brk.c
fn=brk
31 7 1 1 0 0 0 1 1 1
33 2 1 1 0 0 0 0 0 0
39 1 0 0 0 0 0 0 0 0
40 1 0 0 1 0 0 0 0 0
fl=/build/glibc-9tT8Do/glibc-2.23/elf/../sysdeps/x86/cpu-features.c
fn=_dl_sysdep_start
29 5 1 1 0 0 0 3 0 0
32 1 1 1 0 0 0 1 0 0
33 3 0 0 0 0 0 0 0 0
34 3 0 0 0 0 0 0 0 0
35 3 0 0 0 0 0 0 0 0
36 2 0 0 0 0 0 0 0 0
41 2 0 0 0 0 0 0 0 0
61 3 0 0 0 0 0 1 0 0
64 10 1 1 0 0 0 0 0 0
68 3 0 0 0 0 0 0 0 0
73 3 0 0 0 0 0 0 0 0
76 1 0 0 0 0 0 0 0 0
77 8 1 1 1 1 1 0 0 0
134 2 1 1 1 1 1 0 0 0
175 3 1 1 1 0 0 0 0 0
176 1 0 0 1 0 0 0 0 0
179 2 0 0 0 0 0 0 0 0
180 1 0 0 1 0 0 0 0 0
182 2 0 0 1 0 0 0 0 0
183 7 1 1 0 0 0 4 0 0
190 3 0 0 1 0 0 0 0 0
247 4 2 2 0 0 0 0 0 0
248 4 0 0 0 0 0 0 0 0
249 4 0 0 0 0 0 0 0 0
250 2 1 1 0 0 0 0 0 0
251 7 1 1 0 0 0 1 0 0
258 1 0 0 0 0 0 1 0 0
259 1 0 0 0 0 0 1 0 0
260 1 0 0 0 0 0 1 0 0
fl=/build/glibc-9tT8Do/glibc-2.23/elf/../sysdeps/x86_64/dl-machine.h
fn=_dl_fixup
235 12 0 0 0 0 0 12 0 0
fn=_dl_relocate_object
76 24 1 1 4 0 0 0 0 0
82 6 0 0 6 2 0 0 0 0
86 9 0 0 3 3 2 0 0 0
92 3 0 0 0 0 0 3 0 0
100 9 0 0 3 0 0 0 0 0
102 3 0 0 3 0 0 0 0 0
120 6 1 1 0 0 0 0 0 0
123 15 2 2 0 0 0 3 0 0
129 15 0 0 4 1 0 0 0 0
269 194 1 1 0 0 0 0 0 0
290 194 0 0 0 0 0 0 0 0
294 194 0 0 0 0 0 0 0 0
301 4174 14 14 982 80 72 734 0 0
303 431 0 0 182 0 0 0 0 0
306 364 0 0 91 0 0 0 0 0
312 582 1 1 97 3 3 0 0 0
407 42 2 2 14 0 0 0 0 0
411 70 0 0 14 0 0 0 0 0
425 70 0 0 28 1 1 14 7 7
435 249 1 1 83 9 9 83 8 6
447 9 0 0 0 0 0 3 0 0
512 3576 0 0 1192 298 298 0 0 0
517 2384 0 0 0 0 0 0 0 0
518 3576 0 0 1192 150 150 1192 222 222
528 46 0 0 27 0 0 0 0 0
532 38 0 0 0 0 0 0 0 0
534 57 0 0 19 0 0 0 0 0
535 19 0 0 19 3 2 0 0 0
554 24 0 0 16 0 0 8 0 0
555 8 0 0 0 0 0 8 0 0
fn=_dl_start
59 3 0 0 1 1 1 0 0 0
266 6 0 0 0 0 0 0 0 0
294 12 0 0 0 0 0 0 0 0
303 24 0 0 12 2 2 0 0 0
306 24 0 0 6 4 4 0 0 0
312 37 0 0 6 1 1 0 0 0
425 12 0 0 6 0 0 6 1 1
517 20 0 0 10 1 1 0 0 0
518 30 0 0 10 2 2 10 2 2
fn=_dl_sysdep_start
223 5 0 0 2 1 1 0 0 0
fl=/build/glibc-9tT8Do/glibc-2.23/elf/../sysdeps/x86_64/dl-trampoline.h
fn=_dl_runtime_resolve_sse
64 12 1 1 0 0 0 12 0 0
67 12 0 0 0 0 0 0 0 0
69 12 0 0 0 0 0 0 0 0
71 12 0 0 0 0 0 0 0 0
74 12 0 0 0 0 0 12 0 0
75 12 0 0 0 0 0 12 0 0
76 12 0 0 0 0 0 12 0 0
77 12 0 0 0 0 0 12 0 0
78 12 0 0 0 0 0 12 0 0
79 12 0 0 0 0 0 12 0 0
80 12 1 1 0 0 0 12 0 0
81 12 0 0 0 0 0 12 0 0
82 12 0 0 0 0 0 12 0 0
83 12 0 0 0 0 0 12 0 0
84 12 0 0 0 0 0 12 0 0
85 12 0 0 0 0 0 12 0 0
86 12 0 0 0 0 0 12 0 0
87 12 0 0 0 0 0 12 0 0
88 12 0 0 0 0 0 12 0 0
93 12 0 0 0 0 0 0 0 0
94 12 0 0 0 0 0 0 0 0
95 12 1 1 0 0 0 0 0 0
96 12 0 0 0 0 0 0 0 0
110 12 0 0 12 0 0 0 0 0
111 12 0 0 12 0 0 0 0 0
112 12 0 0 0 0 0 12 0 0
113 12 0 0 0 0 0 0 0 0
118 12 0 0 0 0 0 0 0 0
119 12 0 0 0 0 0 0 0 0
120 12 0 0 0 0 0 0 0 0
121 12 1 1 0 0 0 0 0 0
134 12 0 0 12 0 0 0 0 0
135 12 0 0 12 0 0 0 0 0
136 12 0 0 12 0 0 0 0 0
137 12 0 0 12 0 0 0 0 0
138 12 0 0 12 0 0 0 0 0
139 12 0 0 12 0 0 0 0 0
140 12 0 0 12 0 0 0 0 0
141 12 1 1 12 0 0 0 0 0
142 12 0 0 12 0 0 0 0 0
143 12 0 0 12 0 0 0 0 0
144 12 0 0 12 0 0 0 0 0
145 12 0 0 12 0 0 0 0 0
146 12 0 0 12 0 0 0 0 0
147 12 0 0 12 0 0 0 0 0
148 12 0 0 12 0 0 0 0 0
150 12 0 0 0 0 0 0 0 0
152 12 0 0 12 0 0 0 0 0
156 12 0 0 0 0 0 0 0 0
159 12 0 0 0 0 0 0 0 0
fl=/build/glibc-9tT8Do/glibc-2.23/elf/./dl-load.h
fn=_dl_map_object_from_fd
90 8 0 0 0 0 0 0 0 0
91 6 0 0 4 0 0 2 0 0
93 8 0 0 4 0 0 0 0 0
94 5 1 1 3 0 0 0 0 0
95 11 0 0 3 0 0 0 0 0
98 4 1 1 0 0 0 1 0 0
fl=/build/glibc-9tT8Do/glibc-2.23/elf/./dl-map-segments.h
fn=_dl_map_object_from_fd
56 22 0 0 8 0 0 6 0 0
60 6 1 1 2 0 0 0 0 0
63 6 0 0 2 0 0 2 0 0
64 4 0 0 0 0 0 2 0 0
66 4 0 0 2 0 0 0 0 0
72 14 1 1 4 0 0 2 0 0
73 8 1 1 4 0 0 0 0 0
76 4 1 1 4 0 0 0 0 0
86 20 1 1 4 0 0 0 0 0
88 8 0 0 4 0 0 0 0 0
90 28 1 1 10 0 0 4 0 0
100 16 0 0 8 0 0 0 0 0
106 4 0 0 2 0 0 0 0 0
107 2 0 0 0 0 0 0 0 0
108 10 0 0 2 0 0 0 0 0
109 4 0 0 0 0 0 0 0 0
116 4 0 0 0 0 0 0 0 0
119 4 1 1 0 0 0 0 0 0
127 24 1 1 6 0 0 8 0 0
133 4 0 0 0 0 0 0 0 0
137 9 1 1 0 0 0 2 0 0
140 3 0 0 1 0 0 0 0 0
145 4 1 1 0 0 0 0 0 0
fl=/build/glibc-9tT8Do/glibc-2.23/elf/dl-addr.c
fn=_dl_addr
30 2 0 0 1 0 0 1 0 0
31 2 0 0 1 0 0 1 0 0
34 2 1 1 1 0 0 0 0 0
38 1 0 0 1 0 0 0 0 0
39 1 0 0 1 0 0 0 0 0
40 3 0 0 2 0 0 1 0 0
42 2 0 0 2 0 0 0 0 0
45 2 0 0 1 1 0 0 0 0
50 2030 1 1 2 0 0 0 0 0
52 1011 0 0 1011 22 22 0 0 0
53 2022 0 0 0 0 0 0 0 0
55 3628 0 0 907 0 0 0 0 0
61 11175 1 1 2235 453 440 0 0 0
63 8940 0 0 2235 0 0 0 0 0
64 16328 1 1 5110 336 325 0 0 0
69 2235 0 0 0 0 0 0 0 0
71 9044 1 1 2235 103 84 0 0 0
99 3 0 0 1 1 0 0 0 0
100 1 0 0 0 0 0 1 1 0
101 3 0 0 1 0 0 0 0 0
104 2 0 0 0 0 0 0 0 0
116 1 1 1 0 0 0 1 1 0
117 1 0 0 0 0 0 1 0 0
126 11 2 2 0 0 0 8 0 0
131 3 0 0 2 0 0 1 0 0
133 2 0 0 0 0 0 1 0 0
135 2 0 0 0 0 0 0 0 0
138 2 0 0 0 0 0 0 0 0
141 2 1 1 1 1 0 1 1 0
144 9 0 0 7 0 0 0 0 0
fl=/build/glibc-9tT8Do/glibc-2.23/elf/dl-altinit.c
fn=dlinit_alt
33 3 1 1 2 0 0 0 0 0
34 1 0 0 1 0 0 0 0 0
fl=/build/glibc-9tT8Do/glibc-2.23/elf/dl-cache.c
fn=_dl_cache_libcmp
138 24 1 1 16 7 7 0 0 0
139 82 0 0 0 0 0 0 0 0
141 120 0 0 0 0 0 0 0 0
143 42 0 0 0 0 0 0 0 0
149 2 0 0 0 0 0 0 0 0
150 2 1 1 0 0 0 0 0 0
151 5 0 0 1 0 0 0 0 0
153 5 0 0 1 0 0 0 0 0
155 2 0 0 0 0 0 0 0 0
161 78 1 1 0 0 0 0 0 0
163 142 0 0 64 1 1 0 0 0
164 14 0 0 7 0 0 0 0 0
167 32 0 0 0 0 0 0 0 0
168 32 0 0 0 0 0 0 0 0
171 3 0 0 1 0 0 0 0 0
fn=_dl_load_cache_lookup
185 9 2 2 0 0 0 6 0 0
193 2 0 0 1 0 0 0 0 0
196 3 0 0 1 0 0 0 0 0
199 5 1 1 0 0 0 1 0 0
207 5 1 1 1 0 0 0 0 0
208 6 0 0 0 0 0 1 0 0
212 1 0 0 0 0 0 1 0 0
215 4 1 1 1 0 0 0 0 0
218 2 0 0 0 0 0 1 0 0
219 3 0 0 0 0 0 0 0 0
220 6 0 0 0 0 0 1 0 0
247 2 1 1 0 0 0 0 0 0
256 5 0 0 0 0 0 2 0 0
262 4 0 0 0 0 0 2 0 0
266 4 1 1 2 0 0 2 0 0
281 196 8 8 38 7 7 19 0 0
297 2 1 1 1 0 0 0 0 0
301 2 0 0 1 0 0 0 0 0
309 9 0 0 1 0 0 1 0 0
310 3 1 1 0 0 0 1 0 0
311 2 0 0 0 0 0 1 0 0
312 8 0 0 7 0 0 0 0 0
fn=_dl_unload_cache
321 1 0 0 0 0 0 0 0 0
322 4 2 2 1 1 0 0 0 0
324 2 0 0 1 0 0 1 0 0
325 1 0 0 0 0 0 1 0 0
327 2 0 0 1 0 0 0 0 0
fl=/build/glibc-9tT8Do/glibc-2.23/elf/dl-debug.c
fn=_dl_debug_initialize
50 8 1 1 0 0 0 0 0 0
51 4 1 1 4 0 0 0 0 0
55 14 1 1 4 0 0 0 0 0
58 1 0 0 0 0 0 1 0 0
59 2 0 0 0 0 0 1 0 0
60 5 0 0 1 0 0 1 0 0
61 2 0 0 0 0 0 1 0 0
64 1 0 0 1 0 0 0 0 0
fn=_dl_debug_state
74 2 0 0 2 0 0 0 0 0
fl=/build/glibc-9tT8Do/glibc-2.23/elf/dl-deps.c
fn=_dl_map_object_deps
144 4 0 0 0 0 0 2 0 0
145 2 0 0 0 0 0 2 0 0
146 7 0 0 0 0 0 2 0 0
152 9 1 1 2 0 0 3 0 0
160 11 1 1 0 0 0 9 0 0
161 9 2 2 0 0 0 0 0 0
178 14 1 1 1 0 0 1 0 0
179 2 0 0 1 0 0 0 0 0
182 3 0 0 0 0 0 2 0 0
188 2 0 0 0 0 0 2 0 0
189 1 0 0 0 0 0 1 0 0
201 2 1 1 1 0 0 1 0 0
202 2 0 0 0 0 0 1 0 0
203 1 0 0 0 0 0 1 0 0
204 2 0 0 0 0 0 2 0 0
209 6 1 1 0 0 0 5 0 0
210 4 0 0 0 0 0 0 0 0
213 4 0 0 0 0 0 4 0 0
217 8 0 0 4 0 0 0 0 0
218 25 2 2 11 1 1 0 0 0
220 2 0 0 0 0 0 0 0 0
222 8 0 0 4 0 0 2 0 0
224 30 1 1 2 0 0 6 0 0
229 16 2 2 8 1 0 0 0 0
231 6 0 0 4 0 0 2 0 0
236 2 0 0 0 0 0 2 0 0
237 2 0 0 0 0 0 2 0 0
238 4 0 0 2 0 0 2 0 0
239 4 0 0 2 0 0 2 0 0
242 208 1 1 54 0 0 0 0 0
243 96 1 1 0 0 0 0 0 0
249 14 0 0 4 0 0 2 0 0
251 2 0 0 0 0 0 2 0 0
254 12 1 1 8 0 0 2 0 0
256 6 0 0 2 0 0 0 0 0
271 2 0 0 2 0 0 0 0 0
273 4 0 0 2 0 0 0 0 0
278 6 0 0 0 0 0 0 0 0
281 2 0 0 0 0 0 2 0 0
282 2 0 0 0 0 0 2 0 0
283 2 0 0 0 0 0 2 0 0
284 4 0 0 2 0 0 2 0 0
286 2 1 1 2 0 0 0 0 0
288 12 0 0 2 0 0 4 0 0
292 6 0 0 2 0 0 0 0 0
293 3 0 0 0 0 0 1 0 0
295 138 1 1 0 0 0 0 0 0
317 9 1 1 0 0 0 4 0 0
338 6 2 2 0 0 0 3 0 0
459 12 1 1 4 0 0 0 0 0
461 6 0 0 0 0 0 2 0 0
463 8 1 1 0 0 0 2 0 0
465 4 0 0 0 0 0 0 0 0
468 2 0 0 0 0 0 2 0 0
469 10 0 0 2 0 0 2 0 0
470 10 0 0 0 0 0 2 0 0
473 2 0 0 0 0 0 2 0 0
474 2 0 0 2 0 0 0 0 0
478 22 1 1 11 0 0 0 0 0
480 4 1 1 4 0 0 0 0 0
481 18 0 0 4 0 0 0 0 0
485 6 1 1 2 0 0 0 0 0
486 1 0 0 0 0 0 1 0 0
489 5 0 0 2 0 0 1 0 0
499 5 1 1 1 0 0 1 0 0
502 2 0 0 0 0 0 0 0 0
507 9 1 1 3 0 0 1 0 0
508 6 0 0 4 0 0 1 0 0
510 12 0 0 4 0 0 0 0 0
516 12 0 0 0 0 0 4 1 1
520 12 1 1 12 0 0 0 0 0
523 3 0 0 1 0 0 1 0 0
574 3 0 0 2 0 0 0 0 0
575 1 0 0 0 0 0 1 0 0
576 3 1 1 1 0 0 0 0 0
611 8 2 2 1 0 0 2 0 0
613 2 0 0 0 0 0 0 0 0
614 1 0 0 0 0 0 1 0 0
617 11 1 1 0 0 0 1 0 0
618 5 1 1 0 0 0 0 0 0
619 5 0 0 1 0 0 1 0 0
623 12 0 0 3 0 0 6 0 0
624 6 0 0 3 0 0 0 0 0
630 17 0 0 3 0 0 0 0 0
632 12 1 1 6 0 0 0 0 0
633 7 0 0 0 0 0 0 0 0
635 9 0 0 3 0 0 0 0 0
636 6 0 0 0 0 0 0 0 0
655 2 1 1 1 0 0 0 0 0
658 3 1 1 0 0 0 0 0 0
661 10 1 1 3 0 0 0 0 0
664 28 1 1 6 0 0 6 0 0
671 2 0 0 1 0 0 1 0 0
673 2 0 0 1 0 0 1 0 0
674 1 1 1 1 0 0 0 0 0
675 3 0 0 1 0 0 0 0 0
682 3 0 0 1 0 0 0 0 0
685 3 1 1 1 0 0 0 0 0
688 8 0 0 7 0 0 0 0 0
fn=openaux
60 4 1 1 0 0 0 2 0 0
63 24 1 1 10 0 0 4 1 1
67 2 0 0 2 0 0 0 0 0
68 4 0 0 4 0 0 0 0 0
fl=/build/glibc-9tT8Do/glibc-2.23/elf/dl-environ.c
fn=_dl_next_ld_env_entry
30 3 1 1 3 0 0 0 0 0
31 1 0 0 0 0 0 0 0 0
33 61 0 0 20 0 0 0 0 0
35 38 1 1 19 9 9 0 0 0
36 10 0 0 5 0 0 0 0 0
38 2 0 0 0 0 0 0 0 0
41 4 0 0 0 0 0 2 0 0
43 2 0 0 2 0 0 0 0 0
46 17 0 0 0 0 0 0 0 0
50 1 0 0 1 0 0 0 0 0
fl=/build/glibc-9tT8Do/glibc-2.23/elf/dl-error.c
fn=_dl_catch_error
163 12 1 1 0 0 0 9 0 0
175 6 0 0 0 0 0 6 4 4
176 6 1 1 0 0 0 6 0 0
177 6 0 0 0 0 0 6 0 0
178 6 0 0 0 0 0 3 0 0
180 3 0 0 3 0 0 3 0 0
181 6 0 0 3 0 0 3 0 0
182 9 0 0 0 0 0 6 0 0
185 18 1 1 0 0 0 3 0 0
187 9 0 0 6 0 0 3 0 0
188 9 0 0 6 0 0 3 0 0
189 6 0 0 3 0 0 3 0 0
190 6 0 0 3 0 0 3 0 0
191 6 1 1 3 0 0 3 0 0
199 12 0 0 6 0 0 0 0 0
fn=_dl_receive_error
205 10 1 1 0 0 0 6 0 0
206 2 0 0 1 0 0 1 0 0
210 1 0 0 1 0 0 0 0 0
211 1 0 0 1 0 0 0 0 0
214 1 0 0 0 0 0 1 0 0
215 1 0 0 0 0 0 1 0 0
217 2 0 0 0 0 0 1 0 0
219 1 0 0 0 0 0 1 0 0
220 1 0 0 0 0 0 1 0 0
221 8 1 1 7 1 0 0 0 0
fl=/build/glibc-9tT8Do/glibc-2.23/elf/dl-fini.c
fn=_dl_fini
31 1 0 0 0 0 0 1 0 0
33 2 0 0 0 0 0 0 0 0
38 3 1 1 0 0 0 1 0 0
39 9 0 0 0 0 0 1 0 0
40 3 0 0 0 0 0 1 0 0
44 9 0 0 3 0 0 3 0 0
45 9 0 0 6 0 0 0 0 0
49 12 1 1 6 0 0 0 0 0
55 6 0 0 3 0 0 0 0 0
56 14 0 0 6 0 0 0 0 0
58 15 0 0 9 0 0 0 0 0
59 7 0 0 0 0 0 0 0 0
61 9 1 1 3 1 0 0 0 0
62 6 0 0 0 0 0 0 0 0
81 4 0 0 1 0 0 1 0 0
92 9 1 1 3 0 0 0 0 0
113 3 0 0 0 0 0 0 0 0
117 15 0 0 3 0 0 3 0 0
120 22 1 1 7 0 0 2 0 0
130 8 1 1 0 0 0 6 0 0
147 1 0 0 0 0 0 1 0 0
150 15 1 1 3 1 0 1 0 0
153 2 1 1 1 1 0 1 0 0
155 1 0 0 1 1 0 0 0 0
158 2 0 0 0 0 0 0 0 0
160 6 1 1 3 1 0 0 0 0
165 1 0 0 0 0 0 1 0 0
168 9 0 0 0 0 0 1 0 0
173 13 0 0 4 1 0 0 0 0
175 8 0 0 4 4 0 0 0 0
177 8 1 1 0 0 0 0 0 0
179 8 0 0 0 0 0 4 0 0
180 4 0 0 0 0 0 4 4 0
181 4 0 0 0 0 0 0 0 0
185 4 0 0 4 3 0 0 0 0
187 9 1 1 1 0 0 1 0 0
188 2 0 0 1 0 0 0 0 0
192 2 0 0 1 0 0 1 0 0
201 3 1 1 2 0 0 1 0 0
206 14 0 0 7 0 0 0 0 0
208 4 0 0 4 0 0 0 0 0
210 12 1 1 4 0 0 0 0 0
213 8 0 0 0 0 0 4 0 0
216 12 0 0 4 4 0 0 0 0
217 6 0 0 2 2 0 0 0 0
220 4 0 0 2 0 0 0 0 0
229 4 0 0 4 4 0 0 0 0
232 6 0 0 4 1 0 0 0 0
234 16 1 1 2 2 0 0 0 0
235 4 0 0 2 2 0 2 0 0
239 4 0 0 0 0 0 0 0 0
240 6 0 0 4 2 0 2 0 0
246 24 1 1 8 1 0 0 0 0
262 8 0 0 4 0 0 0 0 0
268 6 2 2 2 0 0 0 0 0
270 1 0 0 0 0 0 1 0 0
274 2 0 0 1 0 0 0 0 0
281 8 0 0 7 0 0 0 0 0
fl=/build/glibc-9tT8Do/glibc-2.23/elf/dl-hwcaps.c
fn=_dl_important_hwcaps
39 12 2 2 0 0 0 10 2 2
41 1 0 0 1 0 0 0 0 0
42 3 0 0 0 0 0 0 0 0
51 3 0 0 1 0 0 0 0 0
61 4 1 1 1 0 0 1 0 0
113 1 1 1 0 0 0 0 0 0
115 5 2 2 0 0 0 1 1 1
130 10 0 0 0 0 0 1 0 0
131 1 0 0 0 0 0 0 0 0
162 2 1 1 0 0 0 0 0 0
170 3 1 1 1 0 0 0 0 0
172 2 0 0 1 0 0 1 0 0
173 5 0 0 1 0 0 1 0 0
177 3 0 0 1 0 0 1 0 0
178 1 0 0 0 0 0 1 0 0
181 2 1 1 0 0 0 0 0 0
184 2 0 0 0 0 0 0 0 0
185 1 0 0 1 0 0 0 0 0
188 12 1 1 2 0 0 2 0 0
189 2 0 0 0 0 0 0 0 0
207 11 2 2 2 0 0 5 0 0
208 6 0 0 0 0 0 3 0 0
209 6 1 1 4 0 0 0 0 0
238 3 0 0 0 0 0 2 1 1
241 2 0 0 0 0 0 0 0 0
243 10 1 1 3 0 0 4 0 0
244 20 1 1 5 0 0 5 0 0
264 7 1 1 2 0 0 0 0 0
269 10 0 0 2 0 0 0 0 0
270 8 1 1 0 0 0 4 0 0
274 11 0 0 0 0 0 0 0 0
277 26 0 0 0 0 0 0 0 0
278 24 1 1 0 0 0 0 0 0
279 12 0 0 8 0 0 0 0 0
281 4 0 0 0 0 0 0 0 0
284 3 0 0 1 0 0 0 0 0
285 2 0 0 1 0 0 0 0 0
286 12 2 2 3 0 0 0 0 0
299 6 0 0 2 0 0 2 0 0
300 2 0 0 0 0 0 0 0 0
302 4 0 0 0 0 0 0 0 0
305 4 0 0 3 0 0 1 0 0
307 1 0 0 0 0 0 0 0 0
308 10 1 1 7 0 0 1 0 0
fl=/build/glibc-9tT8Do/glibc-2.23/elf/dl-init.c
fn=_dl_init
30 25 1 1 5 0 0 3 0 0
80 11 2 2 0 0 0 6 0 0
81 1 0 0 1 1 0 0 0 0
82 1 0 0 1 0 0 0 0 0
85 3 0 0 1 0 0 0 0 0
88 2 0 0 0 0 0 1 0 0
93 2 0 0 0 0 0 0 0 0
94 2 1 1 1 0 0 0 0 0
104 2 1 1 0 0 0 1 0 0
119 15 0 0 0 0 0 0 0 0
120 12 0 0 8 1 0 0 0 0
126 8 0 0 7 0 0 0 0 0
fn=call_init.part.0
28 20 0 0 0 0 0 20 0 0
36 12 0 0 4 0 0 4 0 0
39 16 0 0 8 2 0 0 0 0
40 3 0 0 0 0 0 0 0 0
44 21 1 1 3 2 0 0 0 0
45 3 1 1 1 0 0 0 0 0
49 4 0 0 2 0 0 0 0 0
58 14 0 0 6 2 0 2 0 0
62 4 0 0 0 0 0 0 0 0
68 6 0 0 4 0 0 0 0 0
70 4 1 1 4 0 0 0 0 0
71 16 0 0 0 0 0 0 0 0
72 15 0 0 3 0 0 3 0 0
74 24 0 0 24 0 0 0 0 0
fl=/build/glibc-9tT8Do/glibc-2.23/elf/dl-load.c
fn=_dl_init_paths
661 9 2 2 0 0 0 6 0 0
674 6 0 0 2 0 0 2 0 0
678 1 0 0 0 0 0 1 0 0
679 2 0 0 0 0 0 1 0 0
680 3 1 1 0 0 0 0 0 0
687 6 0 0 0 0 0 0 0 0
688 4 0 0 1 0 0 2 0 0
691 1 0 0 0 0 0 1 0 0
692 2 1 1 0 0 0 1 0 0
694 2 0 0 0 0 0 0 0 0
700 1 0 0 0 0 0 1 0 0
701 1 0 0 0 0 0 1 0 0
709 3 0 0 0 0 0 3 0 0
711 8 0 0 0 0 0 4 1 1
712 4 2 2 0 0 0 4 2 2
714 9 0 0 0 0 0 4 0 0
715 13 0 0 3 1 1 4 1 1
716 12 0 0 0 0 0 3 0 0
719 6 0 0 3 1 1 0 0 0
720 32 1 1 12 0 0 8 0 0
723 35 0 0 4 0 0 6 0 0
729 1 0 0 0 0 0 1 1 1
730 1 1 1 0 0 0 1 0 0
734 1 0 0 1 0 0 0 0 0
735 2 0 0 0 0 0 0 0 0
737 4 1 1 1 0 0 0 0 0
739 3 0 0 1 0 0 0 0 0
756 1 1 1 0 0 0 1 0 0
758 3 1 1 1 0 0 0 0 0
772 2 1 1 0 0 0 1 0 0
777 5 1 1 1 0 0 0 0 0
785 5 1 1 0 0 0 1 0 0
787 11 0 0 0 0 0 2 0 0
791 58 1 1 0 0 0 0 0 0
804 57 0 0 14 0 0 0 0 0
808 14 0 0 0 0 0 0 0 0
811 1 0 0 0 0 0 1 0 0
812 1 0 0 0 0 0 1 0 0
813 2 0 0 0 0 0 0 0 0
819 9 1 1 1 0 0 2 0 0
823 5 0 0 4 0 0 0 0 0
829 1 0 0 0 0 0 1 0 0
833 8 0 0 7 0 0 0 0 0
fn=_dl_map_object
372 5 1 1 0 0 0 1 0 0
376 2 0 0 0 0 0 1 0 0
638 9 1 1 3 0 0 0 0 0
2167 27 1 1 0 0 0 24 1 1
2169 2 0 0 0 0 0 2 0 0
2175 6 0 0 0 0 0 0 0 0
2176 12 1 1 3 0 0 0 0 0
2179 42 0 0 9 0 0 0 0 0
2184 49 1 1 7 0 0 0 0 0
2186 35 0 0 0 0 0 7 1 1
2190 12 0 0 6 0 0 0 0 0
2191 18 0 0 6 0 0 0 0 0
2194 2 0 0 2 0 0 0 0 0
2196 12 1 1 4 0 0 2 0 0
2213 10 1 1 4 0 0 2 0 0
2222 6 1 1 2 0 0 0 0 0
2256 2 0 0 0 0 0 2 1 1
2258 10 0 0 0 0 0 2 0 0
2262 4 1 1 0 0 0 2 0 0
2264 2 0 0 1 0 0 0 0 0
2271 4 1 1 1 0 0 0 0 0
2275 2 1 1 1 0 0 1 0 0
2280 6 1 1 1 0 0 1 0 0
2281 1 0 0 0 0 0 0 0 0
2283 9 1 1 0 0 0 3 0 0
2295 3 1 1 2 0 0 0 0 0
2296 8 0 0 2 0 0 1 0 0
2297 1 1 1 0 0 0 0 0 0
2306 2 0 0 1 0 0 0 0 0
2307 15 1 1 1 0 0 4 0 0
2313 5 0 0 1 0 0 0 0 0
2314 1 1 1 0 0 0 0 0 0
2322 1 0 0 0 0 0 1 0 0
2336 2 2 2 0 0 0 0 0 0
2338 3 0 0 1 0 0 0 0 0
2342 3 0 0 0 0 0 2 0 0
2344 2 0 0 0 0 0 0 0 0
2348 2 0 0 0 0 0 0 0 0
2356 3 0 0 1 0 0 0 0 0
2379 11 1 1 1 0 0 2 0 0
2383 4 0 0 2 0 0 0 0 0
2384 2 0 0 0 0 0 1 0 0
2401 2 1 1 1 0 0 0 0 0
2407 1 0 0 0 0 0 1 0 0
2409 2 0 0 0 0 0 0 0 0
2410 3 0 0 0 0 0 0 0 0
2414 10 1 1 0 0 0 2 0 0
2417 4 0 0 2 0 0 0 0 0
2429 6 0 0 0 0 0 0 0 0
2431 4 1 1 0 0 0 0 0 0
2475 4 0 0 2 0 0 2 0 0
2476 30 1 1 6 0 0 10 0 0
2478 24 0 0 21 0 0 0 0 0
fn=_dl_map_object_from_fd
871 30 2 2 0 0 0 22 2 2
881 8 0 0 2 0 0 4 1 1
882 2 0 0 0 0 0 2 0 0
897 31 1 1 11 0 0 0 0 0
898 10 0 0 5 0 0 0 0 0
915 4 1 1 2 0 0 0 0 0
939 4 0 0 2 0 0 0 0 0
949 4 0 0 2 0 0 0 0 0
971 8 1 1 4 0 0 0 0 0
1003 4 0 0 0 0 0 0 0 0
1006 16 1 1 10 0 0 2 0 0
1007 4 0 0 0 0 0 0 0 0
1018 6 0 0 4 0 0 2 2 2
1019 8 1 1 4 0 0 4 0 0
1020 4 1 1 2 0 0 2 0 0
1022 8 0 0 0 0 0 0 0 0
1023 8 0 0 4 0 0 0 0 0
1024 2 0 0 0 0 0 0 0 0
1041 2 0 0 0 0 0 2 0 0
1043 20 1 1 0 0 0 4 0 0
1051 142 0 0 0 0 0 0 0 0
1052 127 2 2 17 0 0 0 0 0
1058 4 0 0 2 0 0 2 0 0
1059 6 0 0 2 0 0 2 0 0
1060 2 0 0 0 0 0 0 0 0
1063 2 0 0 1 0 0 1 0 0
1064 1 0 0 0 0 0 0 0 0
1069 20 1 1 8 0 0 0 0 0
1074 32 1 1 8 0 0 0 0 0
1082 16 0 0 0 0 0 0 0 0
1083 16 0 0 0 0 0 4 2 2
1084 20 0 0 4 0 0 4 0 0
1085 4 1 1 0 0 0 4 1 1
1086 8 0 0 4 0 0 4 0 0
1087 8 0 0 0 0 0 4 2 2
1091 8 0 0 0 0 0 0 0 0
1092 12 0 0 6 0 0 2 0 0
1096 36 1 1 4 0 0 4 0 0
1107 4 0 0 0 0 0 0 0 0
1110 3 1 1 1 0 0 0 0 0
1114 1 0 0 0 0 0 1 1 1
1115 3 0 0 2 0 0 1 0 0
1116 2 0 0 0 0 0 0 0 0
1119 3 0 0 0 0 0 1 1 1
1120 2 0 0 1 0 0 1 0 0
1123 1 0 0 0 0 0 1 0 0
1127 4 0 0 1 0 0 0 0 0
1133 3 0 0 1 0 0 2 0 0
1134 1 0 0 0 0 0 0 0 0
1138 16 1 1 2 0 0 6 0 0
1146 4 0 0 0 0 0 2 0 0
1189 4 1 1 2 0 0 2 0 0
1190 2 0 0 0 0 0 0 0 0
1193 4 1 1 2 0 0 2 0 0
1194 6 0 0 4 0 0 2 0 0
1195 2 0 0 0 0 0 0 0 0
1198 6 0 0 2 0 0 0 0 0
1207 4 0 0 0 0 0 0 0 0
1217 18 1 1 8 0 0 2 0 0
1229 8 1 1 4 0 0 0 0 0
1233 2 1 1 1 0 0 0 0 0
1238 6 0 0 2 0 0 2 0 0
1245 4 0 0 0 0 0 0 0 0
1260 6 1 1 2 0 0 0 0 0
1279 4 0 0 2 0 0 2 0 0
1281 10 0 0 4 0 0 0 0 0
1335 6 1 1 2 1 1 0 0 0
1336 2 0 0 1 0 0 1 0 0
1339 8 0 0 2 0 0 2 0 0
1348 4 0 0 2 0 0 0 0 0
1350 8 0 0 4 0 0 2 0 0
1352 4 1 1 2 0 0 0 0 0
1368 4 0 0 0 0 0 2 0 0
1372 4 0 0 2 0 0 0 0 0
1373 4 0 0 2 0 0 0 0 0
1390 4 1 1 2 0 0 0 0 0
1391 2 0 0 0 0 0 1 0 0
1394 6 0 0 2 0 0 4 0 0
1399 4 0 0 2 0 0 0 0 0
1409 4 1 1 2 0 0 0 0 0
1419 6 0 0 2 0 0 2 0 0
1423 8 0 0 2 0 0 0 0 0
1443 16 0 0 14 0 0 0 0 0
fn=fillin_rpath
372 5 1 1 0 0 0 1 0 0
376 3 0 0 0 0 0 1 0 0
433 17 2 2 0 0 0 12 0 0
435 1 0 0 0 0 0 0 0 0
438 9 0 0 0 0 0 2 0 0
444 3 0 0 0 0 0 1 0 0
448 2 0 0 0 0 0 0 0 0
455 8 2 2 1 0 0 0 0 0
460 3 0 0 0 0 0 1 0 0
463 3 1 1 1 0 0 0 0 0
470 15 0 0 5 0 0 0 0 0
471 8 1 1 4 0 0 0 0 0
489 4 2 2 1 0 0 1 0 0
492 5 0 0 1 0 0 2 0 0
493 2 1 1 1 0 0 0 0 0
495 3 0 0 1 0 0 0 0 0
499 1 0 0 0 0 0 1 1 1
500 1 0 0 0 0 0 0 0 0
501 4 0 0 0 0 0 2 0 0
502 1 0 0 0 0 0 1 0 0
504 2 1 1 1 0 0 0 0 0
510 4 0 0 1 0 0 0 0 0
511 18 2 2 1 0 0 0 0 0
512 11 1 1 0 0 0 4 0 0
514 2 1 1 1 0 0 1 0 0
515 3 0 0 1 0 0 0 0 0
520 2 0 0 0 0 0 1 0 0
522 3 0 0 1 0 0 1 0 0
523 1 0 0 0 0 0 1 0 0
526 2 1 1 0 0 0 1 0 0
528 4 0 0 2 0 0 1 0 0
532 1 0 0 0 0 0 1 0 0
535 9 0 0 7 0 0 0 0 0
fn=open_path
2018 8 1 1 0 0 0 6 0 0
2019 2 0 0 1 0 0 1 0 0
2022 1 0 0 0 0 0 1 0 0
2023 1 0 0 0 0 0 1 0 0
2025 2 0 0 0 0 0 0 0 0
2030 17 1 1 2 0 0 7 1 1
2033 1 0 0 1 0 0 0 0 0
2042 2 1 1 1 0 0 0 0 0
2049 5 0 0 2 0 0 2 0 0
2050 21 1 1 1 0 0 0 0 0
2053 8 1 1 4 0 0 0 0 0
2056 8 0 0 0 0 0 0 0 0
2057 32 1 1 20 0 0 8 0 0
2058 16 0 0 4 0 0 0 0 0
2063 8 0 0 4 0 0 0 0 0
2064 3 1 1 0 0 0 0 0 0
2066 40 1 1 20 0 0 8 0 0
2068 20 0 0 12 0 0 0 0 0
2070 8 0 0 0 0 0 0 0 0
2075 8 1 1 4 0 0 0 0 0
2076 36 0 0 16 0 0 0 0 0
2082 14 2 2 4 0 0 5 0 0
2084 24 0 0 4 0 0 4 0 0
2085 2 0 0 1 0 0 0 0 0
2087 17 0 0 0 0 0 4 0 0
2094 12 0 0 4 0 0 0 0 0
2104 4 0 0 1 0 0 1 0 0
2132 1 0 0 0 0 0 0 0 0
2135 7 1 1 1 0 0 0 0 0
2140 1 0 0 1 0 0 0 0 0
2142 4 1 1 3 0 0 0 0 0
2145 3 0 0 1 0 0 0 0 0
2159 8 0 0 7 0 0 0 0 0
fn=open_verify.constprop.7
1695 84 1 1 6 0 0 54 2 2
1734 28 0 0 6 0 0 0 0 0
1765 30 1 1 0 0 0 12 0 0
1767 14 0 0 0 0 0 0 0 0
1777 2 0 0 0 0 0 2 0 0
1778 4 0 0 0 0 0 2 0 0
1783 16 1 1 4 0 0 4 0 0
1785 4 0 0 0 0 0 0 0 0
1787 6 0 0 2 0 0 2 0 0
1789 4 0 0 0 0 0 0 0 0
1795 4 0 0 0 0 0 0 0 0
1804 2 2 2 1 0 0 0 0 0
1811 36 4 4 5 2 2 5 0 0
1885 4 0 0 2 0 0 0 0 0
1890 4 0 0 2 0 0 0 0 0
1892 8 0 0 2 0 0 0 0 0
1898 4 0 0 0 0 0 0 0 0
1909 4 0 0 2 0 0 0 0 0
1915 12 1 1 2 0 0 0 0 0
1916 8 0 0 2 0 0 0 0 0
1917 6 0 0 2 0 0 2 0 0
1937 108 2 2 14 0 0 0 0 0
1939 36 1 1 17 6 6 0 0 0
1943 8 0 0 4 0 0 0 0 0
1944 6 0 0 2 0 0 0 0 0
1953 18 1 1 0 0 0 3 0 0
1956 14 0 0 4 0 0 0 0 0
1960 6 0 0 0 0 0 0 0 0
1965 1 0 0 0 0 0 0 0 0
1966 1 0 0 0 0 0 0 0 0
1969 2 0 0 0 0 0 0 0 0
1972 7 0 0 3 0 0 0 0 0
1975 3 0 0 1 0 0 0 0 0
1976 5 0 0 1 0 0 0 0 0
1981 4 1 1 0 0 0 0 0 0
2004 48 1 1 42 0 0 0 0 0
fl=/build/glibc-9tT8Do/glibc-2.23/elf/dl-lookup.c
fn=_dl_lookup_symbol_x
568 5584 1 1 1304 85 81 92 0 0
569 4848 0 0 0 0 0 0 0 0
806 1380 1 1 92 0 0 828 2 0
808 184 0 0 0 0 0 92 0 0
809 184 0 0 0 0 0 184 0 0
812 92 0 0 92 1 0 0 0 0
816 354 1 1 85 0 0 0 0 0
820 644 0 0 184 0 0 276 0 0
821 184 0 0 0 0 0 0 0 0
823 184 0 0 184 0 0 0 0 0
827 306 1 1 6 0 0 0 0 0
829 1288 2 2 644 0 0 644 2 0
832 276 0 0 0 0 0 0 0 0
835 6 0 0 0 0 0 0 0 0
858 184 0 0 92 0 0 0 0 0
860 42 1 1 12 0 0 0 0 0
876 6 0 0 0 0 0 6 0 0
877 12 0 0 0 0 0 0 0 0
880 86 0 0 86 0 0 0 0 0
881 602 0 0 172 0 0 0 0 0
912 86 1 1 0 0 0 0 0 0
921 430 0 0 86 0 0 0 0 0
935 258 0 0 86 1 0 0 0 0
936 2 1 1 0 0 0 1 0 0
938 344 0 0 172 0 0 0 0 0
943 86 1 1 0 0 0 86 0 0
945 736 0 0 644 0 0 0 0 0
fn=_dl_setup_hash
956 12 1 1 4 0 0 0 0 0
960 4 0 0 4 0 0 0 0 0
964 8 0 0 4 4 4 4 0 0
965 4 0 0 4 0 0 0 0 0
966 4 0 0 4 1 1 0 0 0
968 12 0 0 0 0 0 0 0 0
969 4 0 0 0 0 0 4 0 0
970 12 0 0 4 0 0 4 0 0
972 4 1 1 0 0 0 4 0 0
973 8 0 0 0 0 0 0 0 0
975 4 0 0 0 0 0 4 0 0
977 12 0 0 0 0 0 4 0 0
978 4 0 0 4 0 0 0 0 0
fn=check_match
92 688 1 1 172 10 6 344 0 0
95 602 0 0 172 7 7 0 0 0
107 516 1 1 86 0 0 86 10 0
110 476 0 0 44 0 0 22 0 0
114 86 1 1 86 0 0 0 0 0
115 172 0 0 0 0 0 0 0 0
117 170 0 0 0 0 0 0 0 0
136 170 0 0 170 10 3 0 0 0
137 680 0 0 255 1 0 0 0 0
138 510 2 2 170 0 0 85 2 0
165 2 0 0 0 0 0 0 0 0
167 6 0 0 2 0 0 0 0 0
168 4 0 0 0 0 0 0 0 0
176 86 0 0 0 0 0 0 0 0
183 516 1 1 430 0 0 0 0 0
fn=do_lookup_x
311 202 0 0 0 0 0 0 0 0
355 1104 2 2 92 0 0 920 5 0
356 92 0 0 92 1 0 0 0 0
362 92 0 0 92 0 0 0 0 0
366 576 0 0 576 6 0 0 0 0
369 576 0 0 0 0 0 0 0 0
373 1036 1 1 92 0 0 184 0 0
377 576 1 1 288 2 0 0 0 0
381 576 0 0 288 0 0 0 0 0
387 864 0 0 288 2 0 0 0 0
391 288 0 0 0 0 0 288 0 0
392 288 1 1 0 0 0 288 0 0
395 864 0 0 576 7 0 288 0 0
396 864 0 0 576 1 0 288 0 0
399 288 0 0 288 0 0 0 0 0
400 576 0 0 0 0 0 0 0 0
402 864 0 0 864 43 31 0 0 0
403 368 0 0 0 0 0 92 0 0
410 3720 1 1 956 0 0 184 0 0
413 546 1 1 273 49 43 0 0 0
415 182 1 1 0 0 0 0 0 0
417 1183 1 1 364 0 0 455 0 0
420 900 0 0 180 61 57 0 0 0
422 344 0 0 86 0 0 0 0 0
423 1290 1 1 602 0 0 516 3 0
427 258 1 1 0 0 0 0 0 0
430 282 0 0 0 0 0 0 0 0
439 774 2 2 430 0 0 0 0 0
461 10 1 1 5 0 0 0 0 0
469 172 1 1 86 0 0 0 0 0
519 636 0 0 86 0 0 0 0 0
523 39 0 0 13 0 0 0 0 0
535 172 1 1 86 0 0 86 0 0
536 86 0 0 0 0 0 86 0 0
537 172 0 0 0 0 0 0 0 0
553 1460 1 1 554 1 0 0 0 0
554 185 0 0 0 0 0 37 0 0
555 35 2 2 25 0 0 0 0 0
557 606 0 0 0 0 0 0 0 0
560 6 0 0 0 0 0 0 0 0
561 736 1 1 644 0 0 0 0 0
fl=/build/glibc-9tT8Do/glibc-2.23/elf/dl-minimal.c
fn=__libc_memalign
52 66 1 1 0 0 0 44 0 0
53 87 1 1 43 0 0 0 0 0
58 5 0 0 0 0 0 1 0 0
59 2 1 1 1 0 0 0 0 0
64 88 0 0 0 0 0 22 0 0
67 142 0 0 0 0 0 0 0 0
71 12 1 1 3 0 0 0 0 0
72 6 0 0 0 0 0 0 0 0
78 24 0 0 0 0 0 3 0 0
80 15 0 0 6 0 0 0 0 0
84 9 0 0 0 0 0 3 0 0
87 22 0 0 0 0 0 22 0 0
88 22 0 0 0 0 0 22 0 0
90 110 0 0 66 0 0 0 0 0
fn=calloc
103 8 1 1 0 0 0 0 0 0
107 8 0 0 0 0 0 0 0 0
111 40 0 0 0 0 0 0 0 0
114 8 0 0 0 0 0 0 0 0
fn=free
120 1 1 1 0 0 0 1 0 0
122 3 0 0 1 0 0 0 0 0
129 2 0 0 2 0 0 0 0 0
fn=malloc
94 21 1 1 0 0 0 0 0 0
95 42 0 0 0 0 0 0 0 0
fn=strsep
354 8 1 1 4 0 0 0 0 0
356 4 0 0 4 0 0 0 0 0
357 8 0 0 0 0 0 0 0 0
361 319 1 1 63 0 0 0 0 0
366 244 0 0 122 0 0 0 0 0
368 366 0 0 122 0 0 0 0 0
376 61 0 0 0 0 0 0 0 0
379 2 0 0 0 0 0 2 0 0
383 4 0 0 4 0 0 0 0 0
fl=/build/glibc-9tT8Do/glibc-2.23/elf/dl-misc.c
fn=_dl_name_match_p
288 255 1 1 0 0 0 102 0 0
289 204 1 1 51 1 0 51 0 0
290 54 0 0 0 0 0 0 0 0
292 51 0 0 51 0 0 0 0 0
294 206 0 0 0 0 0 0 0 0
295 275 0 0 55 1 0 55 0 0
298 52 0 0 52 0 0 0 0 0
300 48 0 0 0 0 0 0 0 0
301 255 1 1 153 0 0 0 0 0
fn=_dl_sysdep_read_whole_file
45 8 2 2 0 0 0 4 0 0
52 3 0 0 0 0 0 1 0 0
53 2 0 0 0 0 0 0 0 0
55 7 0 0 0 0 0 1 0 0
57 2 0 0 1 0 0 1 0 0
60 2 0 0 0 0 0 0 0 0
62 8 1 1 0 0 0 1 0 0
73 2 0 0 0 0 0 1 0 0
76 7 0 0 5 0 0 0 0 0
fl=/build/glibc-9tT8Do/glibc-2.23/elf/dl-object.c
fn=_dl_add_to_namespace_list
32 15 1 1 0 0 0 9 0 0
34 9 1 1 3 0 0 3 0 0
36 22 0 0 3 0 0 0 0 0
39 15 0 0 5 0 0 0 0 0
41 2 0 0 0 0 0 2 0 0
43 2 0 0 0 0 0 2 0 0
46 2 1 1 0 0 0 1 0 0
47 9 1 0 3 0 0 0 0 0
48 6 0 0 3 0 0 3 0 0
49 6 0 0 0 0 0 3 0 0
51 6 0 0 3 0 0 0 0 0
52 9 0 0 9 0 0 0 0 0
fn=_dl_new_object
61 42 1 1 0 0 0 30 3 3
62 9 0 0 0 0 0 3 0 0
68 39 3 3 6 1 1 0 0 0
75 15 0 0 0 0 0 6 0 0
78 6 0 0 0 0 0 0 0 0
81 3 0 0 0 0 0 3 2 2
82 6 0 0 0 0 0 3 3 3
85 6 0 0 0 0 0 3 1 1
87 15 1 1 6 0 0 6 1 1
89 3 0 0 0 0 0 3 0 0
97 18 1 1 6 0 0 3 1 1
98 18 0 0 6 3 3 3 0 0
101 6 0 0 3 0 0 0 0 0
102 8 0 0 2 0 0 3 3 3
103 3 0 0 0 0 0 3 0 0
107 3 0 0 0 0 0 3 0 0
110 44 1 1 0 0 0 0 0 0
112 32 0 0 0 0 0 16 4 4
122 6 0 0 0 0 0 3 0 0
123 3 0 0 0 0 0 3 3 3
128 18 1 1 3 1 1 0 0 0
130 8 0 0 0 0 0 2 1 1
133 8 1 1 0 0 0 0 0 0
137 6 0 0 2 0 0 0 0 0
141 12 0 0 0 0 0 0 0 0
143 5 1 1 1 0 0 0 0 0
149 1 0 0 0 0 0 1 0 0
152 6 0 0 0 0 0 3 1 1
155 9 1 1 0 0 0 3 0 0
157 14 0 0 2 0 0 4 0 0
161 8 0 0 2 0 0 0 0 0
165 6 0 0 0 0 0 2 0 0
166 8 0 0 0 0 0 0 0 0
168 1 1 1 0 0 0 0 0 0
211 48 2 2 4 0 0 2 0 0
216 42 0 0 0 0 0 0 0 0
217 88 0 0 42 0 0 0 0 0
222 4 0 0 0 0 0 2 0 0
225 4 0 0 0 0 0 2 0 0
229 24 0 0 21 0 0 0 0 0
fl=/build/glibc-9tT8Do/glibc-2.23/elf/dl-open.c
fn=_dl_find_dso_for_object
182 5 1 1 1 0 0 0 0 0
183 10 2 2 3 0 0 0 0 0
184 12 0 0 6 1 0 0 0 0
185 2 0 0 1 0 0 0 0 0
188 2 1 1 1 0 0 0 0 0
192 1 0 0 1 0 0 0 0 0
fl=/build/glibc-9tT8Do/glibc-2.23/elf/dl-reloc.c
fn=_dl_relocate_object
149 48 2 2 0 0 0 32 0 0
156 4 0 0 0 0 0 4 0 0
159 8 0 0 0 0 0 0 0 0
160 24 0 0 0 0 0 12 0 0
164 8 0 0 0 0 0 0 0 0
165 24 0 0 4 1 0 4 0 0
171 8 0 0 4 0 0 0 0 0
177 12 1 1 4 0 0 0 0 0
178 8 1 1 4 3 0 0 0 0
181 8 0 0 4 0 0 0 0 0
188 8 0 0 4 0 0 0 0 0
232 12 0 0 8 0 0 4 0 0
258 192 4 4 59 8 0 53 0 0
261 16 0 0 4 0 0 0 0 0
285 4 0 0 4 0 0 0 0 0
288 8 0 0 4 0 0 0 0 0
305 12 0 0 4 2 0 0 0 0
307 32 0 0 28 1 0 0 0 0
313 28 2 2 12 0 0 4 0 0
316 8 0 0 0 0 0 0 0 0
320 8 0 0 0 0 0 0 0 0
321 28 0 0 4 0 0 4 0 0
fl=/build/glibc-9tT8Do/glibc-2.23/elf/dl-tls.c
fn=_dl_add_to_slotinfo
890 4 1 1 0 0 0 3 0 0
896 2 0 0 1 0 0 0 0 0
899 1 0 0 1 1 0 0 0 0
904 5 1 1 1 0 0 0 0 0
945 1 0 0 0 0 0 1 0 0
946 3 0 0 1 0 0 1 0 0
947 4 0 0 4 0 0 0 0 0
fn=_dl_allocate_tls_init
449 7 0 0 0 0 0 6 0 0
450 2 1 1 0 0 0 0 0 0
454 2 0 0 1 0 0 1 0 0
456 1 0 0 0 0 0 1 0 0
457 3 0 0 1 0 0 0 0 0
460 4 0 0 2 0 0 1 0 0
472 1 1 1 1 0 0 0 0 0
477 9 0 0 1 0 0 0 0 0
483 16 1 1 1 0 0 1 0 0
486 1 0 0 1 0 0 0 0 0
487 2 0 0 0 0 0 0 0 0
493 3 1 1 2 0 0 0 0 0
494 2 0 0 0 0 0 0 0 0
496 5 0 0 2 0 0 1 0 0
497 1 0 0 0 0 0 1 0 0
499 3 0 0 0 0 0 0 0 0
500 1 0 0 1 0 0 0 0 0
503 2 1 1 0 0 0 0 0 0
504 4 0 0 2 0 0 0 0 0
506 2 0 0 0 0 0 0 0 0
515 12 1 1 4 0 0 2 0 0
529 2 1 1 1 0 0 1 0 0
531 1 0 0 1 0 0 0 0 0
532 8 1 1 7 0 0 0 0 0
fn=_dl_allocate_tls_storage
321 2 0 0 1 0 0 0 0 0
322 3 2 2 0 0 0 1 0 0
323 2 0 0 0 0 0 0 0 0
326 1 0 0 0 0 0 1 1 1
332 2 0 0 0 0 0 1 0 0
354 3 1 1 0 0 0 3 0 0
356 1 0 0 1 0 0 0 0 0
367 3 0 0 1 0 0 1 0 0
368 2 0 0 0 0 0 0 0 0
375 2 0 0 0 0 0 0 0 0
379 297 0 0 0 0 0 289 36 36
396 5 0 0 4 0 0 0 0 0
fn=_dl_count_modids
115 2 1 1 1 0 0 0 0 0
116 2 0 0 2 0 0 0 0 0
fn=_dl_determine_tlsoffset
138 7 1 1 0 0 0 6 0 0
144 3 1 1 1 0 0 0 0 0
147 2 0 0 1 0 0 0 0 0
183 9 1 1 2 0 0 0 0 0
185 10 1 1 1 0 0 0 0 0
187 4 0 0 1 0 0 0 0 0
188 1 1 1 1 0 0 0 0 0
190 3 0 0 0 0 0 0 0 0
192 7 1 1 1 0 0 0 0 0
208 6 0 0 0 0 0 0 0 0
210 4 0 0 0 0 0 0 0 0
220 1 0 0 0 0 0 1 0 0
223 4 0 0 0 0 0 1 0 0
224 1 0 0 0 0 0 1 0 0
275 1 0 0 0 0 0 1 0 0
276 8 1 1 7 0 0 0 0 0
fn=_dl_next_tls_modid
49 1 1 1 0 0 0 0 0 0
52 4 0 0 2 0 0 0 0 0
100 1 0 0 0 0 0 1 0 0
104 2 0 0 1 0 0 0 0 0
fl=/build/glibc-9tT8Do/glibc-2.23/elf/dl-version.c
fn=_dl_check_all_versions
380 5 1 1 0 0 0 4 0 0
384 19 0 0 4 0 0 0 0 0
385 4 0 0 0 0 0 0 0 0
386 40 1 1 4 0 0 4 0 0
389 7 0 0 5 1 0 0 0 0
fn=_dl_check_map_versions
56 24 0 0 4 0 0 0 0 0
57 5 0 0 5 0 0 0 0 0
58 37 1 1 0 0 0 7 0 0
174 36 0 0 0 0 0 24 0 0
175 2 0 0 0 0 0 0 0 0
183 2 0 0 0 0 0 0 0 0
189 12 1 1 4 0 0 0 0 0
190 2 0 0 0 0 0 0 0 0
191 8 0 0 4 0 0 4 0 0
193 8 0 0 4 1 0 4 0 0
194 16 1 1 4 0 0 12 0 0
196 8 0 0 0 0 0 0 0 0
199 6 0 0 4 0 0 2 0 0
203 10 1 1 2 2 2 0 0 0
220 4 0 0 4 0 0 0 0 0
228 6 0 0 2 0 0 0 0 0
233 16 0 0 4 0 0 0 0 0
237 74 2 2 40 1 1 8 0 0
244 24 0 0 12 0 0 0 0 0
247 12 0 0 4 0 0 0 0 0
252 2 0 0 0 0 0 0 0 0
256 12 1 1 4 0 0 0 0 0
270 8 1 1 4 0 0 0 0 0
273 8 0 0 6 0 0 0 0 0
276 120 0 0 30 6 6 0 0 0
279 90 0 0 30 3 3 0 0 0
283 28 0 0 0 0 0 0 0 0
287 9 1 1 0 0 0 0 0 0
292 3 0 0 0 0 0 3 0 0
293 12 0 0 0 0 0 3 0 0
294 6 0 0 0 0 0 0 0 0
302 3 0 0 0 0 0 3 0 0
305 9 1 1 6 0 0 3 0 0
307 9 0 0 3 0 0 0 0 0
310 8 0 0 6 0 0 0 0 0
314 6 0 0 2 0 0 0 0 0
317 12 1 1 4 0 0 0 0 0
319 12 0 0 0 0 0 0 0 0
321 20 0 0 4 0 0 4 0 0
322 12 0 0 0 0 0 4 3 3
323 12 0 0 4 0 0 4 0 0
324 12 1 1 4 0 0 4 0 0
327 12 0 0 4 0 0 0 0 0
332 2 0 0 0 0 0 0 0 0
335 6 0 0 2 0 0 0 0 0
345 9 0 0 3 0 0 0 0 0
348 8 0 0 6 0 0 0 0 0
352 28 0 0 28 0 0 0 0 0
354 60 0 0 30 0 0 0 0 0
359 168 0 0 56 0 0 28 8 8
360 84 0 0 28 0 0 28 0 0
361 28 0 0 0 0 0 28 3 3
364 90 0 0 30 0 0 0 0 0
368 28 0 0 0 0 0 0 0 0
374 35 2 2 28 0 0 0 0 0
fn=match_symbol
76 52 1 1 0 0 0 32 0 0
77 8 0 0 8 0 0 0 0 0
85 8 1 1 4 0 0 0 0 0
91 12 0 0 4 1 0 0 0 0
106 4 0 0 4 0 0 0 0 0
107 8 0 0 0 0 0 0 0 0
109 4 0 0 4 0 0 0 0 0
114 36 1 1 18 6 6 0 0 0
128 36 0 0 18 0 0 0 0 0
133 28 2 2 8 1 0 4 1 1
140 42 0 0 14 2 2 0 0 0
144 14 0 0 0 0 0 0 0 0
168 32 0 0 28 0 0 0 0 0
fl=/build/glibc-9tT8Do/glibc-2.23/elf/do-rel.h
fn=_dl_relocate_object
47 24 0 0 8 0 0 8 0 0
48 8 0 0 8 0 0 0 0 0
58 24 0 0 8 0 0 0 0 0
61 96 1 1 0 0 0 0 0 0
63 108 1 1 27 9 9 0 0 0
65 26 0 0 0 0 0 0 0 0
74 6 0 0 0 0 0 0 0 0
75 46 1 1 17 0 0 0 0 0
76 16 0 0 8 0 0 0 0 0
83 10 0 0 5 0 0 5 0 0
84 5 1 1 5 0 0 0 0 0
86 15 0 0 5 0 0 0 0 0
98 15 0 0 0 0 0 0 0 0
108 9 2 2 1 1 1 0 0 0
111 3584 0 0 0 0 0 0 0 0
112 2384 0 0 1192 0 0 0 0 0
118 15 1 1 5 2 0 0 0 0
121 8 0 0 4 2 0 4 0 0
124 296 1 1 99 0 0 3 0 0
127 368 1 1 92 25 22 0 0 0
129 8 0 0 0 0 0 0 0 0
136 368 0 0 184 44 43 0 0 0
137 593 1 1 92 0 0 92 0 0
138 92 0 0 92 0 0 0 0 0
139 184 0 0 92 1 0 0 0 0
143 6 0 0 0 0 0 0 0 0
160 24 2 2 8 0 0 3 0 0
162 20 1 1 5 2 2 0 0 0
170 30 0 0 5 0 0 5 0 0
171 10 0 0 10 0 0 0 0 0
174 2 0 0 0 0 0 0 0 0
fn=_dl_start
83 1 0 0 1 0 0 0 0 0
84 1 0 0 1 0 0 0 0 0
111 33 0 0 0 0 0 0 0 0
112 20 1 1 10 2 2 0 0 0
116 2 0 0 1 0 0 0 0 0
124 22 1 1 0 0 0 0 0 0
136 6 0 0 6 2 2 0 0 0
137 36 0 0 6 0 0 0 0 0
fl=/build/glibc-9tT8Do/glibc-2.23/elf/get-dynamic-info.h
fn=_dl_map_object_from_fd
39 4 0 0 0 0 0 0 0 0
43 2 0 0 0 0 0 0 0 0
45 141 1 1 47 13 13 0 0 0
47 90 1 1 0 0 0 0 0 0
60 42 0 0 0 0 0 0 0 0
61 71 0 0 0 0 0 43 11 11
62 8 0 0 0 0 0 0 0 0
64 2 0 0 0 0 0 0 0 0
65 10 1 1 0 0 0 0 0 0
67 2 0 0 0 0 0 0 0 0
68 10 1 1 0 0 0 0 0 0
70 10 0 0 0 0 0 2 0 0
71 45 0 0 0 0 0 0 0 0
78 4 0 0 0 0 0 0 0 0
98 7 0 0 3 0 0 0 0 0
99 8 0 0 4 0 0 0 0 0
100 8 1 1 4 0 0 0 0 0
101 8 0 0 4 0 0 0 0 0
103 8 0 0 4 0 0 0 0 0
108 8 0 0 4 0 0 0 0 0
109 7 0 0 3 1 1 0 0 0
110 8 1 1 4 0 0 0 0 0
116 6 0 0 2 0 0 0 0 0
121 4 0 0 2 0 0 0 0 0
128 4 0 0 2 0 0 0 0 0
129 6 1 1 4 0 0 0 0 0
145 6 0 0 2 0 0 0 0 0
150 2 0 0 1 0 0 1 0 0
152 2 0 0 0 0 0 0 0 0
154 2 0 0 0 0 0 0 0 0
156 2 0 0 0 0 0 0 0 0
159 6 1 1 2 0 0 0 0 0
161 4 0 0 1 0 0 1 0 0
169 2 0 0 1 0 0 0 0 0
174 2 0 0 0 0 0 0 0 0
177 4 1 1 2 0 0 0 0 0
fn=_dl_start
45 57 0 0 19 6 6 0 0 0
47 36 0 0 0 0 0 0 0 0
48 26 0 0 0 0 0 13 4 4
60 21 1 1 0 0 0 0 0 0
61 18 0 0 0 0 0 4 3 3
62 4 2 2 0 0 0 0 0 0
64 1 0 0 0 0 0 0 0 0
65 5 0 0 0 0 0 0 0 0
67 2 0 0 0 0 0 0 0 0
68 5 1 1 0 0 0 0 0 0
70 6 2 2 0 0 0 1 1 1
71 18 0 0 0 0 0 0 0 0
78 2 0 0 0 0 0 0 0 0
98 4 0 0 2 0 0 0 0 0
99 4 1 1 2 0 0 0 0 0
100 4 0 0 2 0 0 0 0 0
101 4 0 0 2 0 0 0 0 0
103 4 0 0 2 0 0 0 0 0
108 4 1 1 2 0 0 0 0 0
109 4 0 0 2 0 0 0 0 0
110 4 0 0 2 0 0 0 0 0
116 3 0 0 1 0 0 0 0 0
121 2 1 1 1 0 0 0 0 0
128 3 0 0 1 0 0 0 0 0
129 3 0 0 2 0 0 0 0 0
137 3 0 0 1 0 0 0 0 0
139 3 1 1 1 0 0 0 0 0
142 2 0 0 1 0 0 0 0 0
143 2 0 0 1 0 0 0 0 0
fn=dl_main
30 1 0 0 1 0 0 0 0 0
39 2 0 0 0 0 0 0 0 0
43 1 0 0 0 0 0 0 0 0
45 72 0 0 24 7 7 0 0 0
47 46 0 0 0 0 0 0 0 0
60 17 0 0 0 0 0 0 0 0
61 33 0 0 0 0 0 22 6 6
62 4 1 1 0 0 0 0 0 0
64 1 0 0 0 0 0 0 0 0
65 5 1 1 0 0 0 0 0 0
67 1 1 1 0 0 0 0 0 0
68 5 1 1 0 0 0 0 0 0
70 5 0 0 0 0 0 1 0 0
71 23 0 0 0 0 0 0 0 0
78 3 0 0 1 0 0 0 0 0
116 3 1 1 1 0 0 0 0 0
121 2 0 0 1 0 0 0 0 0
128 2 0 0 1 0 0 0 0 0
129 3 1 1 2 0 0 0 0 0
145 3 0 0 1 0 0 0 0 0
159 3 1 1 1 0 0 0 0 0
177 2 1 1 1 0 0 0 0 0
fl=/build/glibc-9tT8Do/glibc-2.23/elf/rtld.c
fn=_dl_initial_error_catch_tsd
648 8 0 0 4 0 0 0 0 0
fn=_dl_start
286 2 1 1 0 0 0 1 1 1
287 2 0 0 0 0 0 1 0 0
288 2 0 0 0 0 0 1 1 1
289 2 1 1 0 0 0 1 0 0
290 2 0 0 0 0 0 1 0 0
298 5 0 0 0 0 0 1 1 1
301 1 0 0 0 0 0 1 0 0
307 4 1 0 0 0 0 1 0 0
316 1 0 0 0 0 0 0 0 0
319 5 1 0 1 1 0 1 0 0
323 2 0 0 1 0 0 0 0 0
337 9 1 1 0 0 0 6 1 1
355 5 0 0 0 0 0 1 1 1
378 1 0 0 0 0 0 1 0 0
381 1 1 1 0 0 0 1 1 1
392 2 0 0 0 0 0 0 0 0
397 26 2 2 9 0 0 0 0 0
399 1 0 0 1 1 1 0 0 0
424 9 0 0 7 1 0 0 0 0
fn=dl_main
703 1 0 0 1 0 0 0 0 0
705 3 0 0 1 0 0 1 0 0
714 1 0 0 0 0 0 1 0 0
716 1 0 0 0 0 0 1 0 0
721 1 1 1 0 0 0 1 0 0
738 12 2 2 0 0 0 7 2 2
747 1 0 0 0 0 0 0 0 0
753 1 0 0 0 0 0 1 0 0
757 2 0 0 0 0 0 1 0 0
760 2 0 0 0 0 0 1 1 1
764 2 0 0 0 0 0 1 1 1
765 2 1 1 0 0 0 1 0 0
770 2 0 0 0 0 0 1 0 0
780 3 1 1 1 0 0 0 0 0
981 8 1 1 0 0 0 1 0 0
983 2 0 0 0 0 0 0 0 0
984 1 0 0 0 0 0 1 0 0
985 2 1 1 1 0 0 1 0 0
986 2 0 0 1 0 0 1 0 0
990 3 0 0 0 0 0 1 0 0
991 3 0 0 1 0 0 0 0 0
1012 1 0 0 0 0 0 1 1 1
1013 1 1 1 0 0 0 1 0 0
1015 1 0 0 0 0 0 1 0 0
1017 1 0 0 1 0 0 0 0 0
1020 35 0 0 1 0 0 0 0 0
1021 71 1 1 9 5 5 0 0 0
1025 3 1 1 1 0 0 1 0 0
1026 1 0 0 0 0 0 0 0 0
1030 3 1 1 2 0 0 1 0 0
1031 1 0 0 0 0 0 0 0 0
1039 1 0 0 0 0 0 1 1 1
1040 2 0 0 2 1 1 0 0 0
1042 3 1 1 0 0 0 1 0 0
1049 2 0 0 1 0 0 0 0 0
1067 1 0 0 0 0 0 0 0 0
1075 8 0 0 2 0 0 0 0 0
1076 7 2 2 3 1 1 0 0 0
1077 4 1 1 2 0 0 0 0 0
1078 1 0 0 0 0 0 1 0 0
1081 4 0 0 2 1 1 0 0 0
1082 4 0 0 2 0 0 0 0 0
1083 2 0 0 0 0 0 2 0 0
1084 6 0 0 3 0 0 0 0 0
1085 2 0 0 0 0 0 1 0 0
1112 2 0 0 1 0 0 1 0 0
1113 1 0 0 0 0 0 0 0 0
1116 2 1 1 1 0 0 1 0 0
1117 2 0 0 1 0 0 1 0 0
1118 1 0 0 0 0 0 0 0 0
1123 5 1 1 3 1 1 0 0 0
1126 2 0 0 0 0 0 0 0 0
1128 2 0 0 0 0 0 0 0 0
1130 3 1 1 1 0 0 0 0 0
1143 3 0 0 1 0 0 0 0 0
1144 8 0 0 4 0 0 1 0 0
1149 1 0 0 0 0 0 1 0 0
1151 1 1 1 0 0 0 1 1 1
1152 1 0 0 0 0 0 1 0 0
1154 2 0 0 1 0 0 0 0 0
1155 2 0 0 0 0 0 1 0 0
1159 2 0 0 1 0 0 0 0 0
1161 2 1 1 0 0 0 0 0 0
1166 2 0 0 0 0 0 1 0 0
1169 2 0 0 1 0 0 0 0 0
1185 3 2 2 0 0 0 1 0 0
1191 9 1 1 1 0 0 2 0 0
1196 2 1 1 1 0 0 1 0 0
1199 4 1 1 1 0 0 1 0 0
1201 1 0 0 0 0 0 1 0 0
1206 2 0 0 1 0 0 0 0 0
1209 3 0 0 2 0 0 1 0 0
1210 4 1 1 1 0 0 1 0 0
1211 2 0 0 0 0 0 1 0 0
1212 1 0 0 0 0 0 1 0 0
1213 1 0 0 1 0 0 0 0 0
1214 1 0 0 1 0 0 0 0 0
1219 2 0 0 1 0 0 0 0 0
1220 5 0 0 1 0 0 1 0 0
1237 2 1 1 1 1 1 0 0 0
1238 2 0 0 1 0 0 0 0 0
1240 4 0 0 1 0 0 0 0 0
1242 2 1 1 0 0 0 1 0 0
1243 4 0 0 1 0 0 1 1 1
1248 3 0 0 0 0 0 0 0 0
1249 5 0 0 1 1 1 0 0 0
1251 2 0 0 1 0 0 1 1 1
1252 2 1 1 1 0 0 1 0 0
1257 2 0 0 1 0 0 0 0 0
1262 3 0 0 1 0 0 0 0 0
1439 2 0 0 0 0 0 2 0 0
1447 3 1 1 1 0 0 0 0 0
1450 1 0 0 0 0 0 1 0 0
1454 3 0 0 1 0 0 0 0 0
1459 1 0 0 0 0 0 1 0 0
1460 1 0 0 0 0 0 1 0 0
1461 1 0 0 0 0 0 0 0 0
1465 3 0 0 1 0 0 0 0 0
1480 3 1 1 2 0 0 0 0 0
1481 1 1 1 0 0 0 0 0 0
1482 1 0 0 0 0 0 0 0 0
1484 3 0 0 1 0 0 0 0 0
1491 11 2 2 0 0 0 3 0 0
1494 6 0 0 0 0 0 0 0 0
1497 12 0 0 0 0 0 2 0 0
1498 2 0 0 1 0 0 0 0 0
1499 3 1 1 1 0 0 0 0 0
1501 6 0 0 0 0 0 1 0 0
1503 1 1 1 0 0 0 0 0 0
1505 6 0 0 1 0 0 0 0 0
1515 5 0 0 0 0 0 1 0 0
1592 4 0 0 2 0 0 0 0 0
1596 8 1 1 0 0 0 0 0 0
1597 1 0 0 0 0 0 0 0 0
1600 3 0 0 0 0 0 1 0 0
1601 1 0 0 1 0 0 0 0 0
1602 2 0 0 0 0 0 0 0 0
1603 3 1 1 0 0 0 0 0 0
1609 5 0 0 0 0 0 0 0 0
1610 8 0 0 1 0 0 1 0 0
1611 1 0 0 0 0 0 0 0 0
1613 6 1 1 1 0 0 1 0 0
1616 13 1 1 2 0 0 0 0 0
1617 16 0 0 8 0 0 0 0 0
1620 3 0 0 2 0 0 1 0 0
1621 3 0 0 1 0 0 0 0 0
1622 1 1 1 0 0 0 1 0 0
1624 10 0 0 0 0 0 0 0 0
1625 11 1 1 4 0 0 0 0 0
1635 2 1 1 0 0 0 1 0 0
1637 2 0 0 1 0 0 1 0 0
1638 3 0 0 1 0 0 0 0 0
1640 2 0 0 0 0 0 1 0 0
1642 3 1 1 0 0 0 0 0 0
1644 3 0 0 1 0 0 0 0 0
1645 1 0 0 1 0 0 0 0 0
1658 2 0 0 0 0 0 0 0 0
1659 2 1 1 0 0 0 1 0 0
1660 3 0 0 1 0 0 0 0 0
1671 5 0 0 1 0 0 1 0 0
1672 1 0 0 0 0 0 1 0 0
1673 5 1 1 0 0 0 1 0 0
1683 2 0 0 1 0 0 1 0 0
1684 2 0 0 1 0 0 0 0 0
1685 2 1 1 0 0 0 2 0 0
1687 2 0 0 1 0 0 0 0 0
1692 3 0 0 1 0 0 0 0 0
1922 3 0 0 1 1 1 0 0 0
1978 2 1 1 0 0 0 1 0 0
1982 4 0 0 2 0 0 2 0 0
1986 2 0 0 1 0 0 1 0 0
1989 2 1 1 1 0 0 0 0 0
2043 3 1 1 1 0 0 0 0 0
2050 1 0 0 1 0 0 0 0 0
2052 7 1 1 1 0 0 1 0 0
2054 11 1 1 0 0 0 0 0 0
2056 12 0 0 8 2 0 0 0 0
2061 8 0 0 8 0 0 0 0 0
2063 10 0 0 0 0 0 0 0 0
2065 1 1 1 0 0 0 1 0 0
2066 1 1 1 1 0 0 0 0 0
2069 4 0 0 4 0 0 0 0 0
2071 9 0 0 0 0 0 0 0 0
2072 24 0 0 6 1 0 3 0 0
2076 14 0 0 5 1 0 0 0 0
2077 3 0 0 0 0 0 1 0 0
2079 1 0 0 0 0 0 0 0 0
2081 6 0 0 1 0 0 1 0 0
2087 2 0 0 1 0 0 0 0 0
2092 4 1 1 2 0 0 0 0 0
2094 1 0 0 1 0 0 0 0 0
2099 3 0 0 1 0 0 1 0 0
2102 2 0 0 1 0 0 0 0 0
2111 3 1 1 2 0 0 0 0 0
2113 2 0 0 1 0 0 0 0 0
2128 5 0 0 0 0 0 0 0 0
2130 1 1 1 1 0 0 0 0 0
2131 5 0 0 1 0 0 1 0 0
2132 1 0 0 0 0 0 0 0 0
2134 6 0 0 1 0 0 1 0 0
2142 1 1 1 0 0 0 1 0 0
2146 3 0 0 1 0 0 0 0 0
2166 4 0 0 0 0 0 1 0 0
2167 1 0 0 0 0 0 1 0 0
2168 1 0 0 0 0 0 1 0 0
2169 1 0 0 0 0 0 0 0 0
2173 1 0 0 0 0 0 1 0 0
2178 8 0 0 7 2 0 0 0 0
2346 2 0 0 1 0 0 1 0 0
2348 1 0 0 0 0 0 1 1 1
2349 1 0 0 0 0 0 0 0 0
2353 13 1 1 1 0 0 4 0 0
2355 15 0 0 3 0 0 3 1 1
2359 107 1 1 21 1 1 0 0 0
2360 19 0 0 0 0 0 0 0 0
2362 4 0 0 0 0 0 0 0 0
2368 14 1 1 2 1 1 0 0 0
2389 6 1 1 0 0 0 1 0 0
2396 6 1 1 0 0 0 1 0 0
2398 3 1 1 0 0 0 1 0 0
2442 6 2 2 0 0 0 1 0 0
2444 3 0 0 0 0 0 1 1 1
2514 3 0 0 1 0 0 0 0 0
2544 3 0 0 1 0 0 0 0 0
fn=do_preload
654 6 1 1 0 0 0 3 0 0
656 1 1 1 0 0 0 1 0 0
660 1 0 0 0 0 0 1 0 0
661 1 0 0 0 0 0 1 0 0
662 1 0 0 0 0 0 1 0 0
664 1 0 0 1 0 0 0 0 0
666 6 0 0 0 0 0 1 0 0
667 3 0 0 1 0 0 0 0 0
677 3 1 1 1 0 0 0 0 0
681 5 0 0 4 0 0 0 0 0
fn=init_tls
573 2 0 0 0 0 0 1 0 0
575 2 0 0 1 0 0 1 0 0
579 2 0 0 1 1 0 0 0 0
588 1 0 0 0 0 0 1 0 0
589 4 0 0 0 0 0 1 0 0
594 1 0 0 0 0 0 0 0 0
595 2 0 0 0 0 0 1 0 0
596 1 0 0 0 0 0 1 0 0
600 2 1 1 1 1 1 0 0 0
601 1 0 0 0 0 0 0 0 0
602 11 1 1 1 0 0 0 0 0
603 8 0 0 4 0 0 0 0 0
604 8 0 0 4 0 0 0 0 0
608 3 0 0 0 0 0 1 1 1
610 1 0 0 0 0 0 0 0 0
612 3 0 0 0 0 0 0 0 0
615 1 1 1 0 0 0 1 0 0
622 2 0 0 0 0 0 1 0 0
623 2 0 0 0 0 0 0 0 0
629 2 1 1 1 0 0 1 0 0
632 7 0 0 0 0 0 2 0 0
635 1 1 1 0 0 0 1 0 0
637 1 0 0 0 0 0 0 0 0
638 2 0 0 2 0 0 0 0 0
fn=map_doit
480 2 1 1 0 0 0 1 0 0
482 1 0 0 1 0 0 0 0 0
483 9 0 0 2 0 0 2 0 0
485 2 0 0 2 0 0 0 0 0
fn=rtld_lock_default_lock_recursive
688 10 1 1 10 2 1 0 0 0
fn=rtld_lock_default_unlock_recursive
694 10 0 0 10 1 0 0 0 0
fn=version_check_doit
513 2 1 1 0 0 0 1 0 0
515 6 0 0 2 0 0 1 0 0
519 2 0 0 2 0 0 0 0 0
fl=/build/glibc-9tT8Do/glibc-2.23/elf/setup-vdso.h
fn=dl_main
24 2 0 0 1 0 0 0 0 0
fl=/build/glibc-9tT8Do/glibc-2.23/io/../sysdeps/unix/syscall-template.S
fn=__open_nocancel
84 5 0 0 1 0 0 0 0 0
fn=__read_nocancel
84 30 2 1 6 0 0 0 0 0
fn=__write_nocancel
84 5 0 0 1 0 0 0 0 0
fn=access
84 12 1 1 0 0 0 0 0 0
86 15 1 1 3 0 0 3 0 0
fn=close
84 12 0 0 0 0 0 0 0 0
85 3 0 0 3 0 0 0 0 0
fn=open
84 30 2 2 1 0 0 0 0 0
85 3 0 0 3 0 0 0 0 0
86 20 0 0 4 0 0 4 0 0
fn=read
84 20 1 1 6 0 0 0 0 0
85 2 0 0 2 0 0 0 0 0
fn=write
84 2 1 1 1 0 0 0 0 0
fl=/build/glibc-9tT8Do/glibc-2.23/io/../sysdeps/unix/sysv/linux/wordsize-64/fxstat.c
fn=_fxstat
33 5 0 0 0 0 0 0 0 0
34 10 2 2 0 0 0 0 0 0
35 30 0 0 0 0 0 0 0 0
39 5 0 0 5 0 0 0 0 0
fl=/build/glibc-9tT8Do/glibc-2.23/io/../sysdeps/unix/sysv/linux/wordsize-64/xstat.c
fn=_xstat
33 4 0 0 0 0 0 0 0 0
34 8 1 1 0 0 0 0 0 0
35 36 0 0 3 0 0 3 0 0
39 1 0 0 1 0 0 0 0 0
fl=/build/glibc-9tT8Do/glibc-2.23/libio/feof.c
fn=feof
32 113 0 0 0 0 0 0 0 0
35 1921 3 3 1017 0 0 113 0 0
36 339 0 0 0 0 0 0 0 0
37 1017 1 1 226 0 0 113 0 0
39 226 0 0 113 0 0 0 0 0
fl=/build/glibc-9tT8Do/glibc-2.23/libio/filedoalloc.c
fn=_IO_file_doallocate
95 10 1 1 0 0 0 6 0 0
110 16 0 0 6 0 0 2 0 0
112 8 0 0 2 0 0 0 0 0
123 6 1 1 2 0 0 0 0 0
127 6 0 0 0 0 0 2 0 0
128 4 0 0 0 0 0 0 0 0
129 2 0 0 0 0 0 0 0 0
130 8 0 0 0 0 0 2 0 0
131 2 0 0 0 0 0 0 0 0
132 10 1 1 8 0 0 0 0 0
fl=/build/glibc-9tT8Do/glibc-2.23/libio/fileops.c
fn=_IO_do_write@@GLIBC_2.2.5
492 8 0 0 0 0 0 4 0 0
494 10 1 1 0 0 0 0 0 0
495 7 0 0 6 0 0 0 0 0
503 2 0 0 1 0 0 0 0 0
510 4 1 1 2 0 0 0 0 0
518 6 1 1 2 0 0 1 0 0
519 5 0 0 1 0 0 0 0 0
521 4 0 0 1 0 0 3 0 0
522 2 0 0 0 0 0 2 0 0
523 1 0 0 0 0 0 1 0 0
524 3 1 1 1 0 0 0 0 0
525 4 0 0 2 0 0 0 0 0
fn=_IO_file_fopen@@GLIBC_2.2.5
249 7 1 1 0 0 0 6 0 0
250 2 0 0 0 0 0 0 0 0
260 2 1 1 1 0 0 0 0 0
262 3 0 0 1 1 0 0 0 0
265 1 0 0 0 0 0 0 0 0
266 1 1 1 0 0 0 0 0 0
287 12 1 1 1 1 1 0 0 0
328 7 1 1 0 0 0 1 0 0
331 2 1 1 0 0 0 0 0 0
348 4 0 0 0 0 0 1 0 0
349 3 0 0 0 0 0 0 0 0
425 8 1 1 7 0 0 0 0 0
fn=_IO_file_init@@GLIBC_2.2.5
144 4 1 1 0 0 0 2 0 0
148 2 0 0 0 0 0 1 0 0
149 1 0 0 1 0 0 0 0 0
151 1 0 0 0 0 0 1 0 0
152 1 0 0 0 0 0 1 0 0
153 4 0 0 3 0 0 0 0 0
fn=_IO_file_open
214 6 1 1 0 0 0 2 0 0
217 2 0 0 1 0 0 0 0 0
221 7 1 1 1 0 0 2 0 0
225 2 0 0 0 0 0 0 0 0
227 1 1 1 0 0 0 1 0 0
228 6 0 0 1 0 0 1 0 0
231 3 0 0 0 0 0 0 0 0
241 2 0 0 0 0 0 1 0 0
242 1 0 0 0 0 0 0 0 0
243 4 0 0 3 0 0 0 0 0
fn=_IO_file_overflow@@GLIBC_2.2.5
807 10 1 1 0 0 0 6 0 0
808 6 1 1 2 0 0 0 0 0
815 8 0 0 2 0 0 0 0 0
818 2 1 1 1 0 0 0 0 0
820 2 1 1 0 0 0 1 0 0
821 6 1 1 2 0 0 3 0 0
830 2 0 0 0 0 0 0 0 0
839 4 1 1 2 0 0 0 0 0
841 1 0 0 0 0 0 1 0 0
842 2 0 0 0 0 0 1 0 0
843 1 0 0 0 0 0 1 0 0
844 2 0 0 0 0 0 2 0 0
846 3 0 0 0 0 0 1 0 0
847 5 0 0 1 0 0 0 0 0
850 4 0 0 0 0 0 0 0 0
851 6 1 1 0 0 0 0 0 0
863 6 0 0 6 0 0 0 0 0
fn=_IO_file_read
1216 24 2 2 12 0 0 0 0 0
fn=_IO_file_setbuf@@GLIBC_2.2.5
450 4 1 1 0 0 0 2 0 0
451 6 0 0 0 0 0 2 0 0
454 4 0 0 0 0 0 4 0 0
455 4 1 1 2 0 0 2 0 0
456 6 0 0 0 0 0 6 0 0
458 2 0 0 0 0 0 0 0 0
459 4 0 0 4 0 0 0 0 0
fn=_IO_file_stat
1229 2 1 1 0 0 0 0 0 0
1230 6 0 0 2 0 0 0 0 0
fn=_IO_file_sync@@GLIBC_2.2.5
868 4 1 1 0 0 0 2 0 0
873 8 1 1 4 0 0 0 0 0
875 2 0 0 2 0 0 0 0 0
876 4 0 0 2 0 0 0 0 0
893 4 1 1 0 0 0 2 0 0
897 4 0 0 4 0 0 0 0 0
fn=_IO_file_underflow@@GLIBC_2.2.5
531 24 1 1 0 0 0 12 0 0
539 18 1 1 6 0 0 0 0 0
545 18 0 0 12 0 0 0 0 0
548 12 0 0 6 0 0 0 0 0
551 3 1 1 1 0 0 0 0 0
556 4 0 0 1 0 0 1 0 0
561 12 0 0 0 0 0 0 0 0
581 12 1 1 0 0 0 6 0 0
587 18 0 0 6 0 0 12 0 0
588 6 0 0 0 0 0 6 0 0
589 12 0 0 0 0 0 12 0 0
590 6 0 0 0 0 0 6 0 0
592 30 1 1 18 0 0 6 0 0
594 12 0 0 0 0 0 0 0 0
596 1 0 0 0 0 0 0 0 0
597 3 1 1 1 0 0 1 0 0
601 5 0 0 5 0 0 0 0 0
607 1 0 0 0 0 0 1 0 0
608 1 0 0 0 0 0 0 0 0
610 15 0 0 5 0 0 0 0 0
612 10 1 1 10 0 0 0 0 0
613 24 0 0 18 0 0 0 0 0
fn=_IO_file_write@@GLIBC_2.2.5
1256 6 0 0 0 0 0 5 0 0
1258 10 1 1 0 0 0 0 0 0
1262 2 0 0 0 0 0 0 0 0
1263 6 1 1 2 0 0 1 0 0
1264 2 1 1 0 0 0 0 0 0
1269 1 0 0 0 0 0 0 0 0
1270 1 0 0 0 0 0 0 0 0
1273 3 0 0 1 0 0 0 0 0
1276 6 0 0 6 0 0 0 0 0
fn=_IO_file_xsputn@@GLIBC_2.2.5
1280 1080 1 1 0 0 0 648 0 0
1286 226 0 0 0 0 0 0 0 0
1287 113 0 0 0 0 0 0 0 0
1293 432 0 0 108 0 0 0 0 0
1310 432 0 0 216 1 1 0 0 0
1311 107 0 0 0 0 0 0 0 0
1314 428 0 0 0 0 0 0 0 0
1319 535 0 0 0 0 0 214 0 0
1324 107 0 0 0 0 0 0 0 0
1325 321 0 0 0 0 0 0 0 0
1327 214 0 0 0 0 0 0 0 0
1331 7 2 2 2 1 0 1 0 0
1337 2 0 0 2 0 0 0 0 0
1338 7 1 1 0 0 0 0 0 0
1340 3 0 0 0 0 0 0 0 0
1351 2 0 0 0 0 0 0 0 0
1352 6 1 1 0 0 0 1 0 0
1354 216 0 0 0 0 0 0 0 0
1355 869 0 0 761 0 0 0 0 0
fl=/build/glibc-9tT8Do/glibc-2.23/libio/genops.c
fn=_IO_cleanup
888 15 0 0 5 0 0 0 0 0
890 8 1 1 4 1 0 0 0 0
892 11 0 0 3 0 0 0 0 0
898 31 2 2 11 0 0 4 0 0
906 10 0 0 4 0 0 0 0 0
908 4 0 0 0 0 0 2 0 0
910 4 1 1 2 0 0 2 0 0
911 2 0 0 0 0 0 2 0 0
912 4 0 0 2 0 0 2 0 0
915 10 0 0 4 0 0 2 0 0
917 6 0 0 2 0 0 0 0 0
921 10 1 1 2 0 0 0 0 0
922 16 1 1 6 0 0 2 0 0
928 4 0 0 0 0 0 4 0 0
948 5 1 1 0 0 0 4 0 0
951 3 0 0 0 0 0 1 0 0
963 7 0 0 5 0 0 0 0 0
fn=_IO_default_setbuf
381 10 1 1 2 0 0 0 0 0
383 2 0 0 0 0 0 2 0 0
384 2 0 0 0 0 0 2 0 0
388 4 1 1 0 0 0 2 0 0
522 12 2 2 0 0 0 6 0 0
523 8 0 0 4 0 0 2 0 0
525 4 0 0 0 0 0 0 0 0
527 4 0 0 0 0 0 2 0 0
528 4 0 0 0 0 0 0 0 0
532 4 0 0 2 0 0 0 0 0
535 6 0 0 0 0 0 6 0 0
536 6 0 0 0 0 0 6 0 0
537 2 0 0 0 0 0 0 0 0
538 8 0 0 8 0 0 0 0 0
fn=_IO_default_uflow
412 12 0 0 0 0 0 6 0 0
413 12 1 1 12 0 0 6 0 0
414 12 0 0 0 0 0 0 0 0
416 20 0 0 10 0 0 5 0 0
417 12 0 0 12 0 0 0 0 0
fn=_IO_default_xsputn
422 10 1 1 0 0 0 5 0 0
425 2 0 0 0 0 0 0 0 0
430 4 0 0 2 0 0 0 0 0
432 3 0 0 0 0 0 0 0 0
435 2 0 0 0 0 0 0 0 0
445 3 0 0 0 0 0 0 0 0
449 8 0 0 0 0 0 0 0 0
450 12 1 1 4 0 0 4 0 0
451 3 0 0 0 0 0 1 0 0
453 1 0 0 0 0 0 0 0 0
455 2 0 0 0 0 0 0 0 0
459 2 1 1 0 0 0 0 0 0
460 6 0 0 6 0 0 0 0 0
fn=_IO_doallocbuf
394 6 0 0 0 0 0 6 0 0
395 4 1 1 2 0 0 0 0 0
397 8 0 0 2 0 0 0 0 0
398 10 1 1 4 1 0 2 0 0
401 8 0 0 8 0 0 0 0 0
fn=_IO_flush_all_lockp
760 8 1 1 0 0 0 6 0 0
766 4 1 1 0 0 0 0 0 0
771 1 0 0 1 1 0 0 0 0
772 1 1 1 1 1 0 0 0 0
773 10 0 0 0 0 0 0 0 0
775 4 0 0 0 0 0 4 0 0
776 8 1 1 0 0 0 0 0 0
777 2 0 0 1 0 0 0 0 0
779 27 2 2 12 3 2 0 0 0
786 4 0 0 2 1 0 1 0 0
787 3 0 0 0 0 0 0 0 0
789 8 1 1 0 0 0 0 0 0
791 4 1 1 0 0 0 4 0 0
793 15 1 1 4 0 0 0 0 0
800 4 0 0 4 2 0 0 0 0
804 2 0 0 0 0 0 0 0 0
806 2 0 0 0 0 0 0 0 0
810 9 0 0 7 0 0 0 0 0
fn=_IO_link_in
97 3 0 0 0 0 0 2 0 0
98 6 1 1 2 0 0 0 0 0
100 3 1 1 0 0 0 1 0 0
102 6 0 0 1 1 1 2 0 0
103 13 2 2 5 1 1 2 0 0
104 1 0 0 0 0 0 1 0 0
105 17 1 1 9 0 0 1 0 0
107 2 1 1 1 1 0 1 0 0
108 1 0 0 0 0 0 1 0 0
109 1 0 0 1 0 0 0 0 0
111 15 1 1 5 0 0 2 0 0
112 1 1 1 0 0 0 1 0 0
113 9 0 0 2 0 0 2 0 0
114 2 1 1 0 0 0 0 0 0
117 5 0 0 4 0 0 0 0 0
fn=_IO_no_init
599 9 2 2 0 0 0 4 0 0
600 1 0 0 0 0 0 1 0 0
601 1 0 0 0 0 0 1 1 1
603 2 0 0 0 0 0 0 0 0
605 1 0 0 0 0 0 1 0 0
606 1 0 0 0 0 0 1 1 1
607 1 0 0 0 0 0 1 0 0
608 1 0 0 0 0 0 1 0 0
609 1 1 1 0 0 0 1 0 0
610 1 0 0 0 0 0 1 0 0
611 1 0 0 0 0 0 1 0 0
612 1 0 0 0 0 0 1 0 0
613 1 0 0 0 0 0 1 0 0
614 1 0 0 0 0 0 1 0 0
615 1 0 0 0 0 0 1 0 0
616 1 0 0 0 0 0 1 0 0
618 1 0 0 0 0 0 1 0 0
625 1 1 1 0 0 0 1 0 0
626 6 0 0 5 0 0 0 0 0
fn=_IO_old_init
570 2 0 0 0 0 0 1 0 0
571 1 0 0 0 0 0 1 0 0
572 1 0 0 0 0 0 1 1 1
573 1 0 0 0 0 0 1 0 0
574 1 0 0 0 0 0 1 0 0
575 1 1 1 0 0 0 1 0 0
576 1 0 0 0 0 0 1 0 0
577 1 0 0 0 0 0 1 0 0
578 1 0 0 0 0 0 1 0 0
579 1 0 0 0 0 0 1 0 0
580 1 0 0 0 0 0 1 0 0
582 1 0 0 0 0 0 1 0 0
583 1 0 0 0 0 0 1 0 0
584 1 0 0 0 0 0 1 0 0
585 1 0 0 0 0 0 1 0 0
586 2 1 1 0 0 0 1 0 0
591 3 0 0 1 0 0 0 0 0
592 4 0 0 1 0 0 3 1 1
fn=_IO_setb
380 6 1 1 0 0 0 2 0 0
381 8 0 0 4 0 0 0 0 0
383 2 0 0 0 0 0 2 0 0
384 2 0 0 0 0 0 2 0 0
386 12 0 0 0 0 0 2 0 0
389 6 0 0 4 0 0 0 0 0
fn=_IO_switch_to_get_mode
175 12 0 0 0 0 0 6 0 0
176 18 1 1 12 0 0 0 0 0
179 18 1 1 6 0 0 0 0 0
183 12 0 0 6 0 0 6 0 0
184 12 0 0 6 0 0 0 0 0
187 6 0 0 0 0 0 6 0 0
189 12 0 0 0 0 0 12 0 0
191 12 0 0 0 0 0 6 0 0
192 6 0 0 0 0 0 0 0 0
193 12 0 0 12 0 0 0 0 0
fn=__uflow
348 6 1 1 0 0 0 6 0 0
350 29 1 1 6 0 0 1 0 0
356 36 1 1 18 0 0 0 0 0
359 12 0 0 0 0 0 0 0 0
361 12 0 0 0 0 0 0 0 0
367 12 0 0 6 0 0 0 0 0
372 18 1 1 6 0 0 0 0 0
374 24 0 0 12 1 0 0 0 0
375 6 0 0 6 0 0 0 0 0
fl=/build/glibc-9tT8Do/glibc-2.23/libio/getc.c
fn=getc
34 39194 1 1 0 0 0 19597 0 0
37 293955 2 2 156776 0 0 19597 0 0
38 117588 1 1 58785 105 63 19597 0 0
41 58791 0 0 39194 0 0 0 0 0
fl=/build/glibc-9tT8Do/glibc-2.23/libio/iofopen.c
fn=__fopen_internal
61 8 1 1 0 0 0 4 0 0
69 2 0 0 0 0 0 1 0 0
71 3 0 0 0 0 0 0 0 0
74 2 1 1 0 0 0 1 1 1
77 6 0 0 0 0 0 1 0 0
81 2 0 0 0 0 0 1 0 0
82 2 0 0 0 0 0 1 0 0
86 7 0 0 0 0 0 1 0 0
87 2 0 0 0 0 0 0 0 0
92 5 0 0 4 0 0 0 0 0
fn=__fopen_maybe_mmap
39 1 0 0 0 0 0 0 0 0
41 2 1 1 1 0 0 0 0 0
56 1 0 0 1 0 0 0 0 0
fn=fopen@@GLIBC_2.2.5
97 2 1 1 0 0 0 0 0 0
fl=/build/glibc-9tT8Do/glibc-2.23/libio/ioputs.c
fn=puts
33 452 1 1 0 0 0 339 0 0
35 226 0 0 0 0 0 113 0 0
36 2034 2 2 1130 3 0 113 0 0
38 224 0 0 0 0 0 0 0 0
39 340 0 0 113 1 0 1 0 0
40 678 0 0 226 1 0 113 0 0
41 791 1 1 339 0 0 226 2 2
42 452 0 0 0 0 0 0 0 0
46 565 0 0 452 0 0 0 0 0
fl=/build/glibc-9tT8Do/glibc-2.23/libio/libioP.h
fn=getc
866 39194 0 0 19597 0 0 0 0 0
867 156776 1 1 78388 0 0 19597 0 0
fn=puts
866 226 0 0 113 0 0 0 0 0
867 904 2 2 452 0 0 113 0 0
fl=/build/glibc-9tT8Do/glibc-2.23/malloc/arena.c
fn=malloc_hook_ini
260 3 0 0 1 1 1 0 0 0
fn=ptmalloc_init.part.5
221 60 0 0 20 4 0 0 0 0
223 38 0 0 19 9 0 0 0 0
239 19 0 0 0 0 0 0 0 0
258 6 1 1 0 0 0 5 0 0
263 1 0 0 0 0 0 1 0 0
271 2 1 1 1 0 0 0 0 0
272 7 1 1 0 0 0 1 0 0
273 4 0 0 2 0 0 0 0 0
277 3 0 0 1 1 0 1 1 0
279 5 1 1 2 2 0 0 0 0
295 2 0 0 0 0 0 0 0 0
340 2 1 1 0 0 0 0 0 0
346 2 0 0 2 1 1 0 0 0
347 2 0 0 0 0 0 0 0 0
349 1 0 0 0 0 0 1 1 0
350 7 0 0 6 0 0 0 0 0
fn=realloc_hook_ini
260 4 0 0 1 0 0 0 0 0
fn=sysmalloc
488 6 0 0 0 0 0 2 0 0
fl=/build/glibc-9tT8Do/glibc-2.23/malloc/hooks.c
fn=malloc_hook_ini
29 4 1 1 0 0 0 2 0 0
30 2 0 0 1 0 0 1 0 0
33 4 0 0 3 1 0 0 0 0
fn=realloc_hook_ini
37 9 1 1 0 0 0 6 0 0
38 2 0 0 1 0 0 1 0 0
39 2 1 1 1 0 0 1 0 0
42 9 0 0 7 0 0 0 0 0
fl=/build/glibc-9tT8Do/glibc-2.23/malloc/malloc.c
fn=_int_free
1884 339 0 0 113 0 0 0 0 0
3839 1130 1 1 0 0 0 791 0 0
3850 1 0 0 0 0 0 1 0 0
3852 339 1 1 113 0 0 0 0 0
3858 452 0 0 0 0 0 0 0 0
3859 226 0 0 0 0 0 0 0 0
3870 452 0 0 0 0 0 0 0 0
3883 226 0 0 113 0 0 0 0 0
3958 226 1 1 0 0 0 0 0 0
3959 339 0 0 113 0 0 0 0 0
3960 560 1 1 224 0 0 0 0 0
3961 224 0 0 0 0 0 112 0 0
3964 113 0 0 0 0 0 0 0 0
3968 452 1 1 113 0 0 0 0 0
3974 791 2 2 226 0 0 0 0 0
3982 339 0 0 113 0 0 0 0 0
3988 226 0 0 0 0 0 0 0 0
3989 226 0 0 0 0 0 0 0 0
3990 226 0 0 113 0 0 0 0 0
3999 226 0 0 113 0 0 0 0 0
4006 226 2 2 113 0 0 0 0 0
4011 96 0 0 48 0 0 0 0 0
4015 96 1 1 48 0 0 0 0 0
4023 48 0 0 0 0 0 0 0 0
4024 48 1 1 48 0 0 0 0 0
4025 96 0 0 48 0 0 0 0 0
4030 48 0 0 0 0 0 48 0 0
4031 48 0 0 0 0 0 48 0 0
4032 96 0 0 0 0 0 0 0 0
4034 48 0 0 0 0 0 48 0 0
4035 48 0 0 0 0 0 48 0 0
4037 48 0 0 0 0 0 48 0 0
4038 48 0 0 0 0 0 48 0 0
4040 144 1 1 0 0 0 48 0 0
4041 48 0 0 0 0 0 48 0 0
4052 65 1 1 0 0 0 0 0 0
4053 195 0 0 0 0 0 65 0 0
4054 130 0 0 0 0 0 65 0 0
4071 226 0 0 0 0 0 0 0 0
4072 68 0 0 34 0 0 0 0 0
4075 102 0 0 0 0 0 0 0 0
4077 170 1 1 102 0 0 0 0 0
4079 25 1 1 5 0 0 5 0 0
4091 339 1 1 113 0 0 0 0 0
4092 336 0 0 112 0 0 0 0 0
4093 560 1 1 224 0 0 0 0 0
4103 904 1 1 791 0 0 0 0 0
fn=_int_malloc
1877 12227 1 1 4075 0 0 0 0 0
3317 28525 0 0 0 0 0 24450 1 0
3347 40750 2 2 0 0 0 0 0 0
3351 12225 0 0 0 0 0 4075 1 0
3365 8150 0 0 4075 1 1 0 0 0
3367 15832 0 0 0 0 0 0 0 0
3368 7916 1 1 0 0 0 0 0 0
3369 3958 0 0 3958 0 0 0 0 0
3373 7916 0 0 0 0 0 0 0 0
3402 8150 1 1 0 0 0 0 0 0
3404 11880 0 0 0 0 0 3960 0 0
3405 15840 0 0 0 0 0 0 0 0
3407 11880 1 1 3960 1 1 0 0 0
3409 2 0 0 0 0 0 0 0 0
3446 1001 2 2 0 0 0 115 0 0
3447 230 0 0 115 0 0 0 0 0
3448 2 1 1 0 0 0 1 0 0
3467 21005 1 1 4285 0 0 0 0 0
3469 1262 0 0 1262 0 0 0 0 0
3470 3786 1 1 1262 0 0 0 0 0
3471 2524 0 0 1262 0 0 0 0 0
3474 1262 0 0 0 0 0 0 0 0
3484 4826 0 0 0 0 0 0 0 0
3485 2284 1 1 1142 0 0 0 0 0
3486 4314 0 0 0 0 0 0 0 0
3490 1047 0 0 0 0 0 0 0 0
3491 1047 0 0 0 0 0 0 0 0
3492 2094 0 0 0 0 0 2094 0 0
3493 1047 0 0 0 0 0 1047 0 0
3494 2094 0 0 0 0 0 2094 31 27
3495 2094 0 0 0 0 0 0 0 0
3497 63 0 0 0 0 0 63 0 0
3498 63 0 0 0 0 0 63 0 0
3501 8376 1 1 0 0 0 1047 0 0
3503 3141 0 0 0 0 0 1047 0 0
3504 1047 0 0 0 0 0 1047 0 0
3507 1047 0 0 0 0 0 0 0 0
3513 215 0 0 0 0 0 215 0 0
3514 215 0 0 0 0 0 215 0 0
3518 430 0 0 0 0 0 0 0 0
3520 5 0 0 5 0 0 0 0 0
3521 15 1 1 0 0 0 0 0 0
3524 5 0 0 0 0 0 0 0 0
3531 420 1 1 0 0 0 0 0 0
3533 314 0 0 0 0 0 0 0 0
3534 838 0 0 0 0 0 0 0 0
3535 157 0 0 157 12 0 0 0 0
3539 318 0 0 0 0 0 0 0 0
3540 212 0 0 0 0 0 0 0 0
3541 53 0 0 53 2 0 0 0 0
3544 106 0 0 0 0 0 0 0 0
3582 212 1 1 0 0 0 106 0 0
3585 1050 0 0 210 0 0 0 0 0
3586 210 0 0 0 0 0 210 0 0
3587 210 0 0 0 0 0 210 0 0
3588 210 0 0 0 0 0 210 0 0
3589 210 0 0 0 0 0 210 0 0
3592 420 0 0 0 0 0 0 0 0
3601 6046 1 1 0 0 0 0 0 0
3603 460 1 1 115 0 0 0 0 0
3606 478 1 1 124 0 0 0 0 0
3609 18 0 0 9 0 0 0 0 0
3610 45 0 0 9 0 0 0 0 0
3616 27 0 0 18 0 0 0 0 0
3619 18 1 1 0 0 0 0 0 0
3620 216 2 2 99 0 0 36 0 0
3623 18 0 0 0 0 0 0 0 0
3674 6028 0 0 3014 0 0 0 0 0
3675 6028 0 0 0 0 0 0 0 0
3676 6028 0 0 0 0 0 0 0 0
3677 6028 0 0 3014 0 0 0 0 0
3678 6028 0 0 0 0 0 0 0 0
3683 6903 0 0 0 0 0 0 0 0
3687 22916 1 1 0 0 0 0 0 0
3690 31457 1 1 8390 1 0 0 0 0
3692 380 0 0 0 0 0 0 0 0
3693 380 1 1 0 0 0 0 0 0
3697 8102 0 0 0 0 0 0 0 0
3699 3645 0 0 0 0 0 0 0 0
3701 7290 0 0 0 0 0 0 0 0
3705 406 0 0 406 0 0 0 0 0
3708 812 0 0 0 0 0 0 0 0
3710 1025 0 0 0 0 0 205 0 0
3711 205 0 0 0 0 0 0 0 0
3712 205 0 0 0 0 0 0 0 0
3717 603 1 1 201 0 0 0 0 0
3720 402 0 0 0 0 0 0 0 0
3722 402 0 0 0 0 0 0 0 0
3725 2871 4 4 1112 0 0 490 0 0
3728 402 0 0 0 0 0 0 0 0
3730 43 0 0 43 0 0 0 0 0
3731 172 0 0 0 0 0 0 0 0
3738 167 0 0 0 0 0 0 0 0
3743 167 1 1 167 0 0 0 0 0
3744 334 0 0 167 0 0 0 0 0
3749 167 0 0 0 0 0 167 10 10
3750 167 0 0 0 0 0 167 0 0
3751 167 0 0 0 0 0 167 0 0
3752 167 0 0 0 0 0 167 0 0
3755 334 1 1 0 0 0 0 0 0
3756 162 0 0 0 0 0 162 0 0
3757 334 0 0 0 0 0 0 0 0
3759 5 0 0 0 0 0 5 0 0
3760 5 0 0 0 0 0 5 0 0
3762 1336 1 1 0 0 0 167 0 0
3764 501 0 0 0 0 0 167 1 1
3765 334 0 0 0 0 0 167 0 0
3768 210 0 0 0 0 0 0 0 0
3790 2813 0 0 2813 0 0 0 0 0
3791 5626 0 0 2813 0 0 0 0 0
3793 8439 1 1 0 0 0 0 0 0
3795 2811 0 0 0 0 0 0 0 0
3796 2811 0 0 0 0 0 0 0 0
3797 2811 0 0 0 0 0 2811 0 0
3798 22488 1 1 0 0 0 2811 0 0
3800 5622 0 0 0 0 0 2811 1393 1393
3803 2811 0 0 0 0 0 0 0 0
3810 4 0 0 2 0 0 0 0 0
3815 12225 0 0 0 0 0 4075 0 0
3817 105950 3 3 0 0 0 40750 1 0
3825 6 1 1 0 0 0 2 0 0
3826 4 0 0 0 0 0 0 0 0
3831 36675 1 1 28525 0 0 0 0 0
5000 12225 0 0 0 0 0 8150 0 0
5002 16300 0 0 0 0 0 4075 0 0
fn=_int_realloc
4224 45 2 2 0 0 0 30 0 0
4245 15 0 0 5 0 0 0 0 0
4246 15 0 0 5 0 0 0 0 0
4257 15 0 0 0 0 0 0 0 0
4259 5 0 0 0 0 0 0 0 0
4260 15 0 0 5 0 0 0 0 0
4262 30 1 1 0 0 0 0 0 0
4268 10 0 0 0 0 0 0 0 0
4278 22 2 2 5 0 0 0 0 0
4279 4 0 0 0 0 0 0 0 0
4282 32 1 1 0 0 0 4 0 0
4283 8 0 0 0 0 0 4 0 0
4284 12 0 0 0 0 0 4 4 4
4286 8 0 0 0 0 0 0 0 0
4290 2 0 0 1 0 0 0 0 0
4302 5 1 1 0 0 0 2 0 0
4303 2 0 0 0 0 0 0 0 0
4312 4 0 0 1 0 0 0 0 0
4325 1 0 0 0 0 0 0 0 0
4328 2 0 0 0 0 0 0 0 0
4329 2 1 1 0 0 0 0 0 0
4331 2 0 0 0 0 0 0 0 0
4332 4 2 2 0 0 0 1 0 0
4356 4 1 1 0 0 0 1 0 0
4358 1 0 0 0 0 0 0 0 0
4387 40 1 1 35 0 0 0 0 0
fn=calloc
3170 560 1 1 0 0 0 448 0 0
3180 224 0 0 0 0 0 0 0 0
3185 560 1 1 0 0 0 0 0 0
3193 224 0 0 224 0 0 0 0 0
3194 224 0 0 0 0 0 0 0 0
3206 1456 3 3 560 0 0 0 0 0
3212 112 0 0 112 0 0 0 0 0
3213 224 0 0 112 0 0 0 0 0
3220 336 0 0 0 0 0 0 0 0
3234 448 1 1 0 0 0 112 0 0
3237 1120 1 1 112 0 0 0 0 0
3247 224 0 0 0 0 0 0 0 0
3248 448 0 0 224 0 0 0 0 0
3251 224 0 0 0 0 0 0 0 0
3257 336 0 0 112 0 0 0 0 0
3265 112 0 0 0 0 0 0 0 0
3268 868 0 0 112 0 0 0 0 0
3279 112 1 1 0 0 0 0 0 0
3280 224 0 0 0 0 0 0 0 0
3281 224 0 0 0 0 0 0 0 0
3283 224 0 0 0 0 0 0 0 0
3284 336 1 1 0 0 0 0 0 0
3309 560 0 0 448 0 0 0 0 0
fn=free
2932 560 1 1 0 0 0 448 0 0
2937 224 0 0 224 0 0 0 0 0
2938 224 0 0 0 0 0 0 0 0
2944 224 0 0 0 0 0 0 0 0
2947 112 0 0 0 0 0 0 0 0
2949 336 0 0 112 0 0 0 0 0
2965 336 0 0 0 0 0 0 0 0
2966 224 1 1 0 0 0 112 0 0
2967 672 0 0 560 0 0 0 0 0
fn=malloc
2900 11886 1 1 0 0 0 7924 0 0
2905 7924 0 0 7924 0 0 0 0 0
2906 7924 0 0 0 0 0 0 0 0
2907 2 1 1 1 0 0 0 0 0
2909 55454 2 2 19805 0 0 0 0 0
2911 15844 1 1 0 0 0 3961 0 0
2914 7922 0 0 0 0 0 0 0 0
2922 15844 0 0 7922 0 0 0 0 0
2924 43571 1 1 3961 0 0 0 0 0
2927 15847 0 0 11885 0 0 0 0 0
fn=malloc_consolidate
1803 254 0 0 0 0 0 0 0 0
1806 381 0 0 0 0 0 254 31 31
1810 3 1 1 0 0 0 0 0 0
1814 3 1 1 1 0 0 1 0 0
1815 3 0 0 1 0 0 1 0 0
1817 1 0 0 0 0 0 1 1 1
4142 2 1 1 1 0 0 0 0 0
4994 4 1 1 0 0 0 0 0 0
fn=malloc_hook_ini
2906 2 1 1 0 0 0 0 0 0
2909 13 3 3 5 1 0 0 0 0
2911 4 0 0 0 0 0 1 0 0
2914 2 0 0 0 0 0 0 0 0
2921 2 1 1 1 1 0 1 0 0
2922 4 1 1 2 0 0 0 0 0
2924 11 0 0 1 0 0 0 0 0
fn=realloc
2972 45 1 1 0 0 0 30 0 0
2979 10 0 0 10 1 0 0 0 0
2980 10 0 0 0 0 0 0 0 0
2981 4 2 2 1 0 0 1 0 0
2984 8 0 0 0 0 0 0 0 0
2991 8 1 1 0 0 0 0 0 0
2995 4 0 0 0 0 0 0 0 0
2997 12 0 0 4 0 0 0 0 0
2999 12 0 0 0 0 0 0 0 0
3002 16 0 0 0 0 0 0 0 0
3008 16 0 0 0 0 0 0 0 0
3009 8 0 0 0 0 0 0 0 0
3016 32 1 1 0 0 0 0 0 0
3018 8 0 0 0 0 0 0 0 0
3041 24 1 1 8 0 0 0 0 0
3043 24 1 1 0 0 0 4 0 0
3045 16 0 0 8 0 0 0 0 0
3046 40 1 1 4 0 0 0 0 0
3062 45 1 1 35 0 0 0 0 0
fn=realloc_hook_ini
2980 2 0 0 0 0 0 0 0 0
2984 2 0 0 0 0 0 0 0 0
2991 2 0 0 0 0 0 0 0 0
2995 1 0 0 0 0 0 0 0 0
2997 3 1 1 1 0 0 0 0 0
2999 3 0 0 0 0 0 0 0 0
3002 3 1 1 0 0 0 0 0 0
3008 4 1 1 0 0 0 0 0 0
3009 2 0 0 0 0 0 0 0 0
3016 8 1 1 0 0 0 0 0 0
3018 2 0 0 0 0 0 0 0 0
3041 6 2 2 2 0 0 0 0 0
3043 6 0 0 0 0 0 1 0 0
3045 4 1 1 2 0 0 0 0 0
3046 10 1 1 1 0 0 0 0 0
fn=sysmalloc
2266 16 2 2 0 0 0 12 2 0
2286 4 0 0 4 4 0 0 0 0
2297 4 0 0 0 0 0 0 0 0
2298 10 0 0 2 1 0 2 2 0
2313 10 1 1 0 0 0 4 0 0
2319 2 1 1 0 0 0 0 0 0
2378 2 0 0 2 0 0 0 0 0
2379 6 0 0 2 0 0 0 0 0
2380 2 0 0 0 0 0 0 0 0
2389 17 0 0 2 0 0 0 0 0
2395 8 1 1 0 0 0 2 0 0
2398 6 0 0 0 0 0 0 0 0
2453 8 0 0 2 0 0 0 0 0
2461 4 1 1 2 0 0 0 0 0
2462 2 0 0 0 0 0 0 0 0
2472 12 0 0 0 0 0 4 0 0
2480 4 0 0 0 0 0 0 0 0
2482 12 1 1 4 0 0 6 1 0
2483 2 0 0 0 0 0 0 0 0
2486 8 0 0 4 0 0 0 0 0
2489 4 0 0 4 2 0 0 0 0
2490 4 0 0 0 0 0 0 0 0
2510 4 1 1 0 0 0 0 0 0
2536 4 0 0 2 2 1 0 0 0
2537 5 1 1 0 0 0 2 0 0
2538 6 0 0 2 0 0 2 0 0
2544 6 0 0 0 0 0 0 0 0
2545 5 1 1 1 0 0 1 0 0
2547 7 1 1 1 0 0 0 0 0
2584 2 0 0 0 0 0 0 0 0
2590 3 1 1 0 0 0 0 0 0
2609 1 0 0 0 0 0 0 0 0
2612 2 0 0 0 0 0 0 0 0
2613 6 0 0 2 0 0 0 0 0
2615 2 0 0 0 0 0 0 0 0
2616 3 1 1 2 0 0 1 0 0
2628 2 0 0 0 0 0 0 0 0
2636 3 0 0 3 0 0 0 0 0
2637 3 0 0 1 0 0 0 0 0
2675 1 0 0 0 0 0 1 0 0
2676 5 1 1 0 0 0 1 1 1
2677 2 0 0 0 0 0 1 0 0
2688 2 0 0 0 0 0 0 0 0
2721 4 1 1 2 0 0 0 0 0
2722 2 0 0 0 0 0 2 0 0
2730 8 1 1 4 0 0 0 0 0
2732 2 0 0 0 0 0 0 0 0
2733 2 0 0 0 0 0 0 0 0
2734 2 0 0 0 0 0 2 0 0
2735 16 0 0 0 0 0 2 0 0
2736 4 0 0 0 0 0 2 1 1
2738 2 0 0 0 0 0 0 0 0
2744 18 1 1 14 0 0 0 0 0
fn=systrim.isra.2
2757 35 1 1 0 0 0 30 0 0
2767 5 0 0 5 0 0 0 0 0
2768 15 0 0 10 0 0 0 0 0
2770 5 0 0 0 0 0 0 0 0
2771 10 0 0 0 0 0 0 0 0
2772 4 0 0 0 0 0 0 0 0
2775 15 1 1 5 0 0 0 0 0
2777 10 0 0 0 0 0 0 0 0
2784 6 0 0 2 0 0 1 0 0
2785 4 1 1 1 0 0 0 0 0
2797 3 0 0 1 0 0 1 0 0
2799 2 0 0 2 0 0 0 0 0
2800 2 0 0 0 0 0 0 0 0
2802 2 0 0 1 0 0 1 0 0
2804 1 0 0 0 0 0 0 0 0
2806 2 0 0 0 0 0 0 0 0
2810 2 0 0 0 0 0 0 0 0
2813 1 0 0 1 0 0 0 0 0
2814 4 0 0 1 0 0 1 0 0
2816 2 1 1 0 0 0 0 0 0
2821 40 0 0 35 0 0 0 0 0
fl=/build/glibc-9tT8Do/glibc-2.23/malloc/morecore.c
fn=__default_morecore
46 6 1 1 0 0 0 0 0 0
47 6 0 0 0 0 0 6 1 0
48 18 0 0 0 0 0 0 0 0
52 12 0 0 6 0 0 0 0 0
fl=/build/glibc-9tT8Do/glibc-2.23/misc/../sysdeps/unix/syscall-template.S
fn=mprotect
84 24 1 1 0 0 0 0 0 0
85 6 0 0 6 0 0 0 0 0
fn=munmap
84 4 1 1 0 0 0 0 0 0
85 1 0 0 1 0 0 0 0 0
fl=/build/glibc-9tT8Do/glibc-2.23/misc/../sysdeps/unix/sysv/linux/wordsize-64/mmap.c
fn=mmap
32 90 1 1 0 0 0 54 2 2
33 52 2 2 2 0 0 0 0 0
34 90 0 0 0 0 0 0 0 0
36 63 0 0 63 0 0 0 0 0
fl=/build/glibc-9tT8Do/glibc-2.23/misc/../sysdeps/unix/sysv/linux/x86_64/brk.c
fn=brk
31 32 1 1 4 0 0 4 0 0
33 8 1 1 0 0 0 0 0 0
39 4 0 0 0 0 0 0 0 0
40 4 0 0 4 0 0 0 0 0
fl=/build/glibc-9tT8Do/glibc-2.23/misc/init-misc.c
fn=__init_misc
30 3 0 0 0 0 0 2 0 0
31 6 1 1 1 0 0 0 0 0
33 3 1 1 0 0 0 1 0 0
37 5 0 0 1 0 0 1 0 0
38 3 0 0 2 0 0 1 0 0
40 4 0 0 3 0 0 0 0 0
fl=/build/glibc-9tT8Do/glibc-2.23/misc/sbrk.c
fn=sbrk
34 24 1 1 0 0 0 18 0 0
42 39 0 0 17 5 1 0 0 0
43 6 1 1 1 0 0 1 0 0
46 12 0 0 0 0 0 0 0 0
50 20 0 0 0 0 0 0 0 0
58 12 1 1 0 0 0 3 0 0
62 30 0 0 24 0 0 0 0 0
fl=/build/glibc-9tT8Do/glibc-2.23/nptl/unregister-atfork.c
fn=__unregister_atfork
28 4 1 1 0 0 0 2 0 0
36 1 0 0 1 0 0 0 0 0
39 2 0 0 0 0 0 0 0 0
121 3 0 0 3 0 0 0 0 0
fl=/build/glibc-9tT8Do/glibc-2.23/posix/../sysdeps/unix/syscall-template.S
fn=uname
84 4 1 1 0 0 0 0 0 0
85 1 0 0 1 0 0 0 0 0
fl=/build/glibc-9tT8Do/glibc-2.23/posix/../sysdeps/unix/sysv/linux/_exit.c
fn=_Exit
27 2 1 1 1 0 0 0 0 0
31 4 1 1 0 0 0 0 0 0
33 2 0 0 0 0 0 0 0 0
fl=/build/glibc-9tT8Do/glibc-2.23/setjmp/../sysdeps/x86_64/bsd-_setjmp.S
fn=_setjmp
30 1 1 1 0 0 0 0 0 0
32 1 0 0 0 0 0 0 0 0
fl=/build/glibc-9tT8Do/glibc-2.23/setjmp/../sysdeps/x86_64/setjmp.S
fn=__sigsetjmp
26 4 2 2 0 0 0 4 1 1
35 4 0 0 0 0 0 0 0 0
36 8 1 1 4 0 0 0 0 0
37 4 0 0 0 0 0 4 0 0
41 4 0 0 0 0 0 4 0 0
42 4 0 0 0 0 0 4 0 0
43 4 0 0 0 0 0 4 0 0
44 4 0 0 0 0 0 4 0 0
45 4 0 0 0 0 0 0 0 0
47 8 0 0 4 0 0 0 0 0
49 4 0 0 0 0 0 4 0 0
50 4 0 0 4 0 0 0 0 0
51 4 0 0 0 0 0 0 0 0
53 8 1 1 4 0 0 0 0 0
55 4 1 1 0 0 0 4 0 0
59 3 0 0 0 0 0 0 0 0
60 3 0 0 3 0 0 0 0 0
64 1 0 0 0 0 0 0 0 0
fl=/build/glibc-9tT8Do/glibc-2.23/setjmp/sigjmp.c
fn=__sigjmp_save
28 3 0 0 0 0 0 1 0 0
29 3 0 0 0 0 0 1 0 0
34 3 0 0 2 0 0 0 0 0
fl=/build/glibc-9tT8Do/glibc-2.23/stdlib/cxa_atexit.c
fn=__cxa_atexit
35 2 0 0 0 0 0 1 0 0
37 2 0 0 0 0 0 0 0 0
41 3 0 0 1 0 0 0 0 0
43 1 0 0 0 0 0 1 0 0
44 1 0 0 0 0 0 1 0 0
45 1 0 0 0 0 0 1 0 0
47 1 1 1 0 0 0 1 0 0
48 1 0 0 0 0 0 0 0 0
57 6 1 1 0 0 0 3 0 0
59 4 0 0 4 0 0 0 0 0
fn=__new_exitfn
73 4 1 1 0 0 0 2 0 0
79 6 1 1 2 2 2 0 0 0
81 9 1 1 2 1 0 0 0 0
83 3 1 1 1 1 0 0 0 0
91 2 0 0 0 0 0 1 0 0
112 1 1 1 0 0 0 0 0 0
113 2 1 1 0 0 0 1 0 0
126 1 1 1 0 0 0 1 0 0
127 1 0 0 1 1 1 0 0 0
130 4 0 0 2 0 0 0 0 0
133 5 0 0 3 0 0 0 0 0
fl=/build/glibc-9tT8Do/glibc-2.23/stdlib/cxa_finalize.c
fn=__cxa_finalize
31 8 0 0 0 0 0 6 0 0
35 7 1 1 2 0 0 0 0 0
39 6 1 1 1 0 0 0 0 0
48 1 0 0 0 0 0 0 0 0
67 7 1 1 2 1 0 0 0 0
71 6 0 0 1 1 0 0 0 0
79 2 0 0 0 0 0 0 0 0
80 2 0 0 0 0 0 0 0 0
82 7 1 1 6 0 0 0 0 0
fl=/build/glibc-9tT8Do/glibc-2.23/stdlib/cxa_thread_atexit_impl.c
fn=__call_tls_dtors
145 3 1 1 0 0 0 2 0 0
146 4 0 0 2 0 0 0 0 0
164 4 1 1 3 0 0 0 0 0
fl=/build/glibc-9tT8Do/glibc-2.23/stdlib/exit.c
fn=__run_exit_handlers
35 8 1 1 0 0 0 4 0 0
40 2 0 0 1 1 0 1 0 0
46 8 0 0 2 1 0 0 0 0
50 6 1 1 0 0 0 0 0 0
52 1 0 0 0 0 0 1 0 0
53 1 0 0 0 0 0 0 0 0
54 5 0 0 1 0 0 0 0 0
78 2 1 1 0 0 0 0 0 0
80 3 0 0 2 0 0 0 0 0
82 3 0 0 1 0 0 1 0 0
83 1 0 0 0 0 0 0 0 0
87 2 0 0 1 0 0 1 0 0
88 2 0 0 0 0 0 0 0 0
94 2 1 1 0 0 0 0 0 0
95 8 0 0 1 1 0 1 0 0
97 2 0 0 0 0 0 1 0 0
fn=exit
103 1 0 0 0 0 0 0 0 0
104 3 2 2 0 0 0 1 0 0
fl=/build/glibc-9tT8Do/glibc-2.23/string/../bits/stdlib-bsearch.h
fn=intel_check_word
27 13 0 0 0 0 0 0 0 0
28 26 0 0 0 0 0 0 0 0
29 170 0 0 0 0 0 0 0 0
31 235 1 1 0 0 0 0 0 0
32 87 0 0 0 0 0 0 0 0
37 23 0 0 0 0 0 0 0 0
fl=/build/glibc-9tT8Do/glibc-2.23/string/../string/strstr.c
fn=__GI_strstr
53 7 1 1 0 0 0 6 0 0
58 2 0 0 0 0 0 0 0 0
63 4 2 2 1 0 0 0 0 0
65 2 1 1 1 1 1 0 0 0
66 1 1 1 0 0 0 0 0 0
89 8 1 1 7 0 0 0 0 0
fl=/build/glibc-9tT8Do/glibc-2.23/string/../sysdeps/x86_64/cacheinfo.c
fn=handle_intel
261 16 0 0 0 0 0 12 0 0
262 4 1 1 0 0 0 0 0 0
273 6 0 0 0 0 0 2 0 0
275 2 0 0 0 0 0 2 0 0
276 4 0 0 0 0 0 2 0 0
278 2 1 1 0 0 0 0 0 0
284 10 1 1 0 0 0 2 0 0
289 4 0 0 0 0 0 0 0 0
291 6 0 0 0 0 0 2 0 0
292 2 0 0 0 0 0 0 0 0
296 8 0 0 0 0 0 2 0 0
297 4 1 1 0 0 0 0 0 0
300 10 0 0 0 0 0 2 0 0
301 4 0 0 0 0 0 0 0 0
304 5 0 0 0 0 0 1 0 0
305 2 0 0 0 0 0 0 0 0
308 5 0 0 1 0 0 1 0 0
309 2 0 0 0 0 0 0 0 0
318 16 1 1 14 0 0 0 0 0
fn=init_cacheinfo
482 5 1 1 0 0 0 5 0 0
494 4 0 0 2 0 0 0 0 0
496 5 0 0 1 0 0 1 0 0
499 1 0 0 0 0 0 0 0 0
500 4 1 1 0 0 0 1 0 0
502 2 0 0 0 0 0 0 0 0
511 2 0 0 0 0 0 0 0 0
513 1 0 0 1 0 0 0 0 0
514 1 0 0 1 0 0 0 0 0
516 1 0 0 0 0 0 0 0 0
521 18 1 1 0 0 0 0 0 0
527 8 0 0 0 0 0 0 0 0
530 20 0 0 0 0 0 0 0 0
532 1 1 1 0 0 0 0 0 0
538 6 0 0 0 0 0 0 0 0
545 11 1 1 0 0 0 0 0 0
547 2 0 0 0 0 0 0 0 0
548 2 0 0 0 0 0 0 0 0
549 8 0 0 0 0 0 0 0 0
551 4 0 0 0 0 0 0 0 0
556 1 0 0 0 0 0 0 0 0
558 3 0 0 0 0 0 0 0 0
559 4 0 0 0 0 0 0 0 0
564 2 0 0 0 0 0 0 0 0
565 6 1 1 0 0 0 0 0 0
596 4 0 0 0 0 0 0 0 0
597 5 0 0 0 0 0 0 0 0
652 2 0 0 0 0 0 0 0 0
654 3 1 1 0 0 0 1 0 0
655 1 0 0 0 0 0 1 1 1
657 1 0 0 0 0 0 0 0 0
658 3 0 0 0 0 0 1 0 0
659 1 0 0 0 0 0 1 0 0
662 2 0 0 0 0 0 0 0 0
664 3 0 0 0 0 0 1 0 0
665 1 0 0 0 0 0 1 0 0
667 1 1 1 0 0 0 0 0 0
668 3 0 0 0 0 0 1 0 0
669 1 0 0 0 0 0 1 0 0
671 6 0 0 6 0 0 0 0 0
fn=intel_check_word
121 174 0 0 87 8 8 0 0 0
124 84 0 0 0 0 0 0 0 0
132 36 0 0 0 0 0 24 0 0
133 12 1 1 0 0 0 0 0 0
135 4 0 0 0 0 0 0 0 0
139 42 1 1 0 0 0 0 0 0
141 34 1 1 0 0 0 0 0 0
143 13 1 1 0 0 0 0 0 0
145 26 0 0 0 0 0 0 0 0
153 26 0 0 0 0 0 0 0 0
204 26 0 0 0 0 0 0 0 0
209 10 0 0 5 0 0 0 0 0
212 30 0 0 10 0 0 0 0 0
226 13 0 0 0 0 0 0 0 0
231 12 0 0 3 0 0 0 0 0
233 2 1 1 0 0 0 0 0 0
235 4 0 0 0 0 0 0 0 0
237 2 1 1 2 0 0 0 0 0
245 2 0 0 0 0 0 0 0 0
251 11 0 0 0 0 0 0 0 0
256 36 0 0 30 0 0 0 0 0
fl=/build/glibc-9tT8Do/glibc-2.23/string/../sysdeps/x86_64/memcpy.S
fn=__GI_mempcpy
61 107 1 1 0 0 0 0 0 0
65 107 0 0 0 0 0 0 0 0
68 107 0 0 0 0 0 0 0 0
69 107 0 0 0 0 0 0 0 0
71 28 0 0 28 0 0 0 0 0
72 28 0 0 0 0 0 28 0 0
74 28 0 0 0 0 0 0 0 0
75 28 0 0 0 0 0 0 0 0
80 107 0 0 0 0 0 0 0 0
81 107 0 0 0 0 0 0 0 0
83 58 0 0 58 0 0 0 0 0
84 58 0 0 0 0 0 58 3 3
86 58 0 0 0 0 0 0 0 0
87 58 0 0 0 0 0 0 0 0
92 107 0 0 0 0 0 0 0 0
93 107 0 0 0 0 0 0 0 0
95 65 0 0 65 0 0 0 0 0
96 65 0 0 0 0 0 65 4 4
98 65 0 0 0 0 0 0 0 0
99 65 0 0 0 0 0 0 0 0
104 107 0 0 0 0 0 0 0 0
105 107 0 0 0 0 0 0 0 0
107 8 0 0 8 0 0 0 0 0
108 8 0 0 0 0 0 8 0 0
110 8 0 0 0 0 0 0 0 0
111 16 0 0 0 0 0 0 0 0
116 107 1 1 0 0 0 0 0 0
117 107 0 0 0 0 0 0 0 0
138 107 0 0 0 0 0 0 0 0
142 107 0 0 107 0 0 0 0 0
fn=mempcpy
61 17 1 1 0 0 0 0 0 0
65 17 0 0 0 0 0 0 0 0
68 16 0 0 0 0 0 0 0 0
69 16 0 0 0 0 0 0 0 0
71 7 0 0 7 2 2 0 0 0
72 7 0 0 0 0 0 7 1 1
74 7 0 0 0 0 0 0 0 0
75 7 0 0 0 0 0 0 0 0
80 16 0 0 0 0 0 0 0 0
81 16 0 0 0 0 0 0 0 0
83 10 0 0 10 0 0 0 0 0
84 10 1 1 0 0 0 10 0 0
86 10 0 0 0 0 0 0 0 0
87 10 0 0 0 0 0 0 0 0
92 16 0 0 0 0 0 0 0 0
93 16 0 0 0 0 0 0 0 0
95 5 0 0 5 0 0 0 0 0
96 5 0 0 0 0 0 5 0 0
98 5 0 0 0 0 0 0 0 0
99 5 0 0 0 0 0 0 0 0
104 16 0 0 0 0 0 0 0 0
105 16 0 0 0 0 0 0 0 0
107 7 0 0 7 0 0 0 0 0
108 7 0 0 0 0 0 7 1 1
110 7 0 0 0 0 0 0 0 0
111 14 0 0 0 0 0 0 0 0
116 16 0 0 0 0 0 0 0 0
117 18 0 0 0 0 0 0 0 0
122 2 0 0 2 0 0 0 0 0
123 2 0 0 2 0 0 0 0 0
124 2 0 0 0 0 0 2 1 1
125 2 0 0 0 0 0 2 0 0
127 2 0 0 0 0 0 0 0 0
129 2 0 0 0 0 0 0 0 0
130 2 0 0 0 0 0 0 0 0
132 2 0 0 0 0 0 0 0 0
138 16 1 1 0 0 0 0 0 0
142 16 0 0 16 0 0 0 0 0
154 2 0 0 0 0 0 0 0 0
156 2 0 0 0 0 0 0 0 0
157 2 0 0 0 0 0 0 0 0
183 2 1 1 0 0 0 0 0 0
184 2 0 0 0 0 0 0 0 0
187 2 0 0 0 0 0 0 0 0
188 2 0 0 0 0 0 0 0 0
189 2 0 0 0 0 0 0 0 0
194 2 0 0 0 0 0 0 0 0
196 2 0 0 2 0 0 0 0 0
197 2 0 0 2 0 0 0 0 0
198 2 0 0 2 0 0 0 0 0
199 2 0 0 2 0 0 0 0 0
201 2 0 0 0 0 0 2 0 0
202 2 0 0 0 0 0 2 1 1
203 2 0 0 0 0 0 2 0 0
204 2 0 0 0 0 0 2 1 1
206 2 1 1 0 0 0 0 0 0
207 2 0 0 0 0 0 0 0 0
209 2 0 0 0 0 0 0 0 0
231 2 1 1 0 0 0 0 0 0
233 2 0 0 0 0 0 0 0 0
235 1 0 0 0 0 0 0 0 0
242 1 0 0 1 0 0 0 0 0
fl=/build/glibc-9tT8Do/glibc-2.23/string/../sysdeps/x86_64/multiarch/../memcmp.S
fn=bcmp
24 13 1 1 0 0 0 0 0 0
25 13 0 0 0 0 0 0 0 0
26 13 0 0 0 0 0 0 0 0
27 13 0 0 0 0 0 0 0 0
28 13 0 0 0 0 0 0 0 0
29 13 0 0 0 0 0 0 0 0
30 13 0 0 0 0 0 0 0 0
31 13 0 0 0 0 0 0 0 0
34 13 0 0 0 0 0 0 0 0
35 13 0 0 0 0 0 0 0 0
36 5 0 0 5 1 1 0 0 0
37 5 0 0 5 3 3 0 0 0
38 5 0 0 0 0 0 0 0 0
39 5 0 0 0 0 0 0 0 0
40 5 0 0 0 0 0 0 0 0
41 5 0 0 0 0 0 0 0 0
42 5 0 0 0 0 0 0 0 0
44 12 1 1 0 0 0 0 0 0
45 12 0 0 0 0 0 0 0 0
46 4 0 0 4 0 0 0 0 0
47 4 0 0 4 0 0 0 0 0
48 4 0 0 0 0 0 0 0 0
49 4 0 0 0 0 0 0 0 0
50 4 0 0 0 0 0 0 0 0
51 4 0 0 0 0 0 0 0 0
52 4 0 0 0 0 0 0 0 0
54 12 0 0 0 0 0 0 0 0
55 12 0 0 0 0 0 0 0 0
56 5 1 1 5 1 1 0 0 0
57 5 0 0 5 1 1 0 0 0
58 5 0 0 0 0 0 0 0 0
59 5 0 0 0 0 0 0 0 0
60 2 0 0 0 0 0 0 0 0
61 2 0 0 0 0 0 0 0 0
62 2 0 0 0 0 0 0 0 0
64 9 0 0 0 0 0 0 0 0
65 9 0 0 0 0 0 0 0 0
66 5 0 0 5 0 0 0 0 0
67 5 0 0 5 2 2 0 0 0
68 5 0 0 0 0 0 0 0 0
69 5 0 0 0 0 0 0 0 0
74 4 0 0 4 1 1 0 0 0
75 4 0 0 4 0 0 0 0 0
76 4 0 0 0 0 0 0 0 0
77 4 0 0 0 0 0 0 0 0
78 4 0 0 0 0 0 0 0 0
79 4 0 0 0 0 0 0 0 0
80 4 0 0 0 0 0 0 0 0
81 2 0 0 0 0 0 0 0 0
82 2 0 0 0 0 0 0 0 0
83 2 0 0 2 0 0 0 0 0
84 2 0 0 2 0 0 0 0 0
85 2 0 0 0 0 0 0 0 0
92 2 0 0 0 0 0 0 0 0
94 3 0 0 3 0 0 0 0 0
98 8 1 1 0 0 0 0 0 0
99 8 0 0 0 0 0 0 0 0
100 1 0 0 0 0 0 0 0 0
101 1 0 0 0 0 0 0 0 0
102 1 0 0 0 0 0 0 0 0
103 1 0 0 0 0 0 0 0 0
104 1 0 0 0 0 0 0 0 0
105 1 0 0 0 0 0 0 0 0
106 1 0 0 0 0 0 0 0 0
107 1 0 0 0 0 0 0 0 0
108 1 0 0 0 0 0 0 0 0
109 1 0 0 0 0 0 0 0 0
110 1 0 0 1 0 0 0 0 0
114 9 1 1 0 0 0 0 0 0
115 9 0 0 9 0 0 0 0 0
fl=/build/glibc-9tT8Do/glibc-2.23/string/../sysdeps/x86_64/multiarch/../memcpy.S
fn=__GI_memcpy
61 1 1 1 0 0 0 0 0 0
63 1 0 0 0 0 0 0 0 0
65 1 0 0 0 0 0 0 0 0
148 1 1 1 0 0 0 1 0 0
154 1 0 0 0 0 0 0 0 0
156 1 0 0 0 0 0 0 0 0
157 1 0 0 0 0 0 0 0 0
183 1 1 1 0 0 0 0 0 0
184 1 0 0 0 0 0 0 0 0
257 1 1 1 1 1 0 0 0 0
258 1 0 0 0 0 0 0 0 0
259 1 0 0 0 0 0 0 0 0
264 1 0 0 0 0 0 0 0 0
265 1 0 0 0 0 0 0 0 0
269 1 0 0 0 0 0 0 0 0
270 1 0 0 0 0 0 0 0 0
272 130 0 0 129 0 0 129 16 16
273 1 0 0 0 0 0 0 0 0
279 1 0 0 0 0 0 0 0 0
280 1 0 0 0 0 0 0 0 0
281 1 0 0 0 0 0 0 0 0
284 1 0 0 0 0 0 0 0 0
290 1 0 0 1 0 0 0 0 0
291 1 0 0 0 0 0 0 0 0
293 1 0 0 1 0 0 0 0 0
fn=memcpy
61 14 1 1 0 0 0 0 0 0
63 14 0 0 0 0 0 0 0 0
65 14 0 0 0 0 0 0 0 0
68 12 0 0 0 0 0 0 0 0
69 12 0 0 0 0 0 0 0 0
71 4 0 0 4 0 0 0 0 0
72 4 0 0 0 0 0 4 2 2
74 4 0 0 0 0 0 0 0 0
75 4 0 0 0 0 0 0 0 0
80 12 0 0 0 0 0 0 0 0
81 12 0 0 0 0 0 0 0 0
83 5 0 0 5 0 0 0 0 0
84 5 0 0 0 0 0 5 1 1
86 5 0 0 0 0 0 0 0 0
87 10 0 0 0 0 0 0 0 0
92 12 2 1 0 0 0 0 0 0
93 12 0 0 0 0 0 0 0 0
95 3 0 0 3 0 0 0 0 0
96 3 0 0 0 0 0 3 0 0
98 3 0 0 0 0 0 0 0 0
99 3 0 0 0 0 0 0 0 0
104 12 0 0 0 0 0 0 0 0
105 12 0 0 0 0 0 0 0 0
107 7 0 0 7 0 0 0 0 0
108 7 0 0 0 0 0 7 0 0
110 7 0 0 0 0 0 0 0 0
111 7 0 0 0 0 0 0 0 0
116 12 0 0 0 0 0 0 0 0
117 17 0 0 0 0 0 0 0 0
122 5 0 0 5 0 0 0 0 0
123 5 0 0 5 0 0 0 0 0
124 5 0 0 0 0 0 5 0 0
125 5 0 0 0 0 0 5 1 1
127 5 0 0 0 0 0 0 0 0
129 5 0 0 0 0 0 0 0 0
130 5 0 0 0 0 0 0 0 0
132 5 0 0 0 0 0 0 0 0
140 12 1 1 12 0 0 0 0 0
148 6 1 0 0 0 0 6 0 0
154 6 0 0 0 0 0 0 0 0
156 6 0 0 0 0 0 0 0 0
157 6 0 0 0 0 0 0 0 0
160 2 0 0 0 0 0 0 0 0
161 6 0 0 0 0 0 0 0 0
166 7 0 0 7 0 0 0 0 0
167 7 0 0 0 0 0 7 0 0
169 7 0 0 0 0 0 0 0 0
171 7 0 0 0 0 0 0 0 0
172 7 0 0 0 0 0 0 0 0
174 11 2 1 0 0 0 0 0 0
183 6 0 0 0 0 0 0 0 0
184 6 0 0 0 0 0 0 0 0
187 6 0 0 0 0 0 0 0 0
188 6 0 0 0 0 0 0 0 0
189 6 0 0 0 0 0 0 0 0
194 5 0 0 0 0 0 0 0 0
196 5 0 0 5 0 0 0 0 0
197 5 0 0 5 0 0 0 0 0
198 5 0 0 5 0 0 0 0 0
199 5 0 0 5 0 0 0 0 0
201 5 0 0 0 0 0 5 1 1
202 5 0 0 0 0 0 5 0 0
203 5 0 0 0 0 0 5 0 0
204 5 0 0 0 0 0 5 1 1
206 5 2 1 0 0 0 0 0 0
207 5 0 0 0 0 0 0 0 0
209 5 0 0 0 0 0 0 0 0
231 6 1 1 0 0 0 0 0 0
237 6 0 0 6 0 0 0 0 0
238 6 0 0 0 0 0 0 0 0
240 2 0 0 2 0 0 0 0 0
fl=/build/glibc-9tT8Do/glibc-2.23/string/../sysdeps/x86_64/multiarch/../memset.S
fn=__GI_memset
53 112 2 1 0 0 0 0 0 0
54 112 0 0 0 0 0 0 0 0
55 112 0 0 0 0 0 0 0 0
56 112 0 0 0 0 0 0 0 0
57 112 0 0 0 0 0 0 0 0
59 112 0 0 0 0 0 0 0 0
60 112 0 0 0 0 0 0 0 0
77 112 1 1 0 0 0 0 0 0
78 112 0 0 0 0 0 112 8 8
79 112 0 0 0 0 0 0 0 0
80 112 0 0 0 0 0 112 9 9
81 112 0 0 0 0 0 112 7 7
82 112 0 0 0 0 0 112 9 9
83 112 1 1 0 0 0 112 10 10
84 112 0 0 0 0 0 112 11 11
85 112 0 0 0 0 0 112 9 9
86 112 0 0 0 0 0 112 8 8
87 112 0 0 0 0 0 0 0 0
88 112 0 0 0 0 0 0 0 0
89 112 0 0 0 0 0 0 0 0
90 224 0 0 0 0 0 0 0 0
93 1674 0 0 0 0 0 1674 451 450
94 1674 0 0 0 0 0 1674 0 0
95 1674 0 0 0 0 0 1674 0 0
96 1674 0 0 0 0 0 1674 0 0
97 1674 0 0 0 0 0 0 0 0
98 1674 0 0 0 0 0 0 0 0
99 1674 0 0 0 0 0 0 0 0
100 112 0 0 112 0 0 0 0 0
fn=memset
53 13 1 1 0 0 0 0 0 0
54 13 0 0 0 0 0 0 0 0
55 13 0 0 0 0 0 0 0 0
56 13 0 0 0 0 0 0 0 0
57 13 1 1 0 0 0 0 0 0
59 13 0 0 0 0 0 0 0 0
60 13 0 0 0 0 0 0 0 0
61 11 0 0 0 0 0 0 0 0
62 11 0 0 0 0 0 0 0 0
77 2 1 1 0 0 0 0 0 0
78 2 0 0 0 0 0 2 1 1
79 2 0 0 0 0 0 0 0 0
80 2 0 0 0 0 0 2 2 2
81 2 0 0 0 0 0 2 0 0
82 2 0 0 0 0 0 2 0 0
83 2 0 0 0 0 0 2 1 1
84 2 0 0 0 0 0 2 0 0
85 2 0 0 0 0 0 2 0 0
86 2 0 0 0 0 0 2 0 0
87 2 0 0 0 0 0 0 0 0
88 2 0 0 0 0 0 0 0 0
89 2 0 0 0 0 0 0 0 0
90 4 0 0 0 0 0 0 0 0
93 36 0 0 0 0 0 36 33 33
94 36 0 0 0 0 0 36 0 0
95 36 0 0 0 0 0 36 0 0
96 36 0 0 0 0 0 36 0 0
97 36 0 0 0 0 0 0 0 0
98 36 0 0 0 0 0 0 0 0
99 36 0 0 0 0 0 0 0 0
100 2 0 0 2 0 0 0 0 0
103 11 1 1 0 0 0 0 0 0
104 11 0 0 0 0 0 0 0 0
105 11 0 0 0 0 0 0 0 0
106 4 0 0 0 0 0 0 0 0
107 4 0 0 0 0 0 0 0 0
108 2 0 0 0 0 0 0 0 0
109 2 0 0 0 0 0 0 0 0
112 2 0 0 0 0 0 0 0 0
113 2 0 0 0 0 0 0 0 0
114 2 0 0 0 0 0 2 0 0
115 2 0 0 2 0 0 0 0 0
117 2 0 0 0 0 0 2 0 0
118 2 0 0 0 0 0 2 0 0
119 2 0 0 2 0 0 0 0 0
121 7 1 0 0 0 0 7 1 1
122 7 0 0 0 0 0 7 1 1
123 7 0 0 7 0 0 0 0 0
fl=/build/glibc-9tT8Do/glibc-2.23/string/../sysdeps/x86_64/multiarch/../strchr.S
fn=index
24 7 1 1 0 0 0 0 0 0
25 7 0 0 0 0 0 0 0 0
26 7 0 0 0 0 0 0 0 0
27 7 0 0 0 0 0 0 0 0
28 7 0 0 0 0 0 0 0 0
29 7 0 0 0 0 0 0 0 0
30 7 0 0 0 0 0 0 0 0
31 7 0 0 0 0 0 0 0 0
32 7 0 0 7 2 2 0 0 0
33 7 0 0 0 0 0 0 0 0
34 7 0 0 0 0 0 0 0 0
35 7 1 1 0 0 0 0 0 0
36 7 0 0 0 0 0 0 0 0
37 7 0 0 0 0 0 0 0 0
38 7 0 0 0 0 0 0 0 0
39 7 0 0 0 0 0 0 0 0
40 7 0 0 0 0 0 0 0 0
41 5 0 0 0 0 0 0 0 0
45 5 0 0 0 0 0 0 0 0
46 5 0 0 0 0 0 0 0 0
47 5 0 0 5 0 0 0 0 0
48 5 0 0 0 0 0 0 0 0
50 5 0 0 5 0 0 0 0 0
54 2 0 0 2 1 1 0 0 0
55 2 0 0 0 0 0 0 0 0
56 2 0 0 0 0 0 0 0 0
57 2 0 0 0 0 0 0 0 0
58 2 0 0 0 0 0 0 0 0
59 2 1 1 0 0 0 0 0 0
60 2 0 0 2 0 0 0 0 0
61 2 0 0 0 0 0 0 0 0
62 2 0 0 0 0 0 0 0 0
63 2 0 0 0 0 0 0 0 0
64 2 0 0 0 0 0 0 0 0
65 2 0 0 0 0 0 0 0 0
66 2 0 0 0 0 0 0 0 0
67 2 0 0 2 0 0 0 0 0
68 2 0 0 0 0 0 0 0 0
69 2 0 0 0 0 0 0 0 0
70 2 0 0 0 0 0 0 0 0
71 2 0 0 0 0 0 0 0 0
72 2 0 0 0 0 0 0 0 0
73 2 0 0 0 0 0 0 0 0
74 2 0 0 0 0 0 0 0 0
75 2 1 1 0 0 0 0 0 0
76 2 0 0 0 0 0 0 0 0
77 2 0 0 0 0 0 0 0 0
129 2 1 1 0 0 0 0 0 0
133 2 0 0 0 0 0 0 0 0
134 2 0 0 0 0 0 0 0 0
135 2 0 0 2 0 0 0 0 0
136 2 1 1 0 0 0 0 0 0
138 2 0 0 2 0 0 0 0 0
fl=/build/glibc-9tT8Do/glibc-2.23/string/../sysdeps/x86_64/multiarch/../strcmp.S
fn=strcmp
144 220 1 1 0 0 0 0 0 0
145 220 0 0 0 0 0 0 0 0
147 220 0 0 0 0 0 0 0 0
148 220 0 0 0 0 0 0 0 0
169 220 0 0 0 0 0 0 0 0
170 220 1 1 0 0 0 0 0 0
171 166 0 0 0 0 0 0 0 0
172 166 0 0 0 0 0 0 0 0
173 163 0 0 163 21 12 0 0 0
174 163 0 0 163 4 1 0 0 0
175 163 0 0 163 0 0 0 0 0
176 163 0 0 163 0 0 0 0 0
197 163 0 0 0 0 0 0 0 0
198 163 0 0 0 0 0 0 0 0
199 163 0 0 0 0 0 0 0 0
200 163 0 0 0 0 0 0 0 0
201 163 0 0 0 0 0 0 0 0
202 163 0 0 0 0 0 0 0 0
203 163 0 0 0 0 0 0 0 0
208 5 0 0 0 0 0 0 0 0
209 5 0 0 0 0 0 0 0 0
218 62 2 1 0 0 0 0 0 0
219 62 0 0 0 0 0 0 0 0
220 62 0 0 0 0 0 0 0 0
221 62 0 0 0 0 0 0 0 0
222 62 0 0 0 0 0 0 0 0
223 62 0 0 0 0 0 0 0 0
224 62 0 0 0 0 0 0 0 0
225 62 0 0 0 0 0 0 0 0
226 61 0 0 0 0 0 0 0 0
227 23 0 0 0 0 0 0 0 0
228 23 0 0 0 0 0 0 0 0
229 23 0 0 0 0 0 0 0 0
231 61 0 0 0 0 0 0 0 0
232 61 0 0 0 0 0 0 0 0
233 61 0 0 0 0 0 0 0 0
234 61 0 0 61 4 2 0 0 0
235 61 0 0 0 0 0 0 0 0
236 61 0 0 0 0 0 0 0 0
246 1 1 1 1 0 0 0 0 0
247 1 0 0 0 0 0 0 0 0
248 1 0 0 0 0 0 0 0 0
250 1 0 0 1 0 0 0 0 0
256 1 0 0 0 0 0 0 0 0
257 1 0 0 0 0 0 0 0 0
258 1 0 0 0 0 0 0 0 0
259 1 0 0 0 0 0 0 0 0
260 1 0 0 0 0 0 0 0 0
265 1 0 0 0 0 0 0 0 0
571 1 1 1 0 0 0 0 0 0
572 1 0 0 1 1 1 0 0 0
573 1 0 0 1 0 0 0 0 0
574 1 0 0 0 0 0 0 0 0
575 1 0 0 0 0 0 0 0 0
577 1 0 0 0 0 0 0 0 0
578 1 0 0 0 0 0 0 0 0
579 1 1 1 0 0 0 0 0 0
580 1 0 0 0 0 0 0 0 0
581 1 0 0 0 0 0 0 0 0
582 1 0 0 0 0 0 0 0 0
583 1 0 0 0 0 0 0 0 0
584 1 0 0 1 0 0 0 0 0
588 1 0 0 0 0 0 0 0 0
589 1 0 0 0 0 0 0 0 0
590 1 0 0 0 0 0 0 0 0
596 1 0 0 0 0 0 0 0 0
597 1 0 0 0 0 0 0 0 0
598 2 0 0 0 0 0 0 0 0
602 1 1 1 0 0 0 0 0 0
603 1 0 0 0 0 0 0 0 0
606 1 0 0 1 0 0 0 0 0
607 1 0 0 1 1 0 0 0 0
608 1 0 0 0 0 0 0 0 0
611 1 0 0 0 0 0 0 0 0
612 1 0 0 0 0 0 0 0 0
613 1 0 0 0 0 0 0 0 0
619 1 0 0 0 0 0 0 0 0
620 1 0 0 0 0 0 0 0 0
621 1 0 0 0 0 0 0 0 0
622 1 0 0 0 0 0 0 0 0
623 1 0 0 0 0 0 0 0 0
624 1 1 1 0 0 0 0 0 0
1196 4 1 1 0 0 0 0 0 0
1197 4 0 0 4 0 0 0 0 0
1198 4 0 0 4 0 0 0 0 0
1199 4 0 0 0 0 0 0 0 0
1200 4 0 0 0 0 0 0 0 0
1202 4 0 0 0 0 0 0 0 0
1203 4 0 0 0 0 0 0 0 0
1204 4 1 1 0 0 0 0 0 0
1205 4 0 0 0 0 0 0 0 0
1206 4 0 0 0 0 0 0 0 0
1207 4 0 0 0 0 0 0 0 0
1208 4 0 0 0 0 0 0 0 0
1321 46 1 1 0 0 0 0 0 0
1322 46 0 0 46 2 0 0 0 0
1323 46 0 0 46 2 0 0 0 0
1324 46 0 0 0 0 0 0 0 0
1325 46 0 0 0 0 0 0 0 0
1327 46 0 0 0 0 0 0 0 0
1328 46 0 0 0 0 0 0 0 0
1329 46 1 1 0 0 0 0 0 0
1330 46 0 0 0 0 0 0 0 0
1331 46 0 0 0 0 0 0 0 0
1332 46 0 0 0 0 0 0 0 0
1333 46 0 0 0 0 0 0 0 0
1446 1 1 1 0 0 0 0 0 0
1447 1 0 0 1 1 0 0 0 0
1448 1 0 0 1 0 0 0 0 0
1449 1 0 0 0 0 0 0 0 0
1450 1 0 0 0 0 0 0 0 0
1452 1 0 0 0 0 0 0 0 0
1453 1 0 0 0 0 0 0 0 0
1454 1 1 1 0 0 0 0 0 0
1455 1 0 0 0 0 0 0 0 0
1456 1 0 0 0 0 0 0 0 0
1457 1 0 0 0 0 0 0 0 0
1458 1 0 0 0 0 0 0 0 0
1571 1 1 1 0 0 0 0 0 0
1572 1 0 0 1 0 0 0 0 0
1573 1 0 0 1 0 0 0 0 0
1574 1 0 0 0 0 0 0 0 0
1575 1 0 0 0 0 0 0 0 0
1577 1 0 0 0 0 0 0 0 0
1578 1 0 0 0 0 0 0 0 0
1579 1 1 1 0 0 0 0 0 0
1580 1 0 0 0 0 0 0 0 0
1581 1 0 0 0 0 0 0 0 0
1582 1 0 0 0 0 0 0 0 0
1583 1 0 0 0 0 0 0 0 0
1696 2 1 1 0 0 0 0 0 0
1697 2 0 0 2 0 0 0 0 0
1698 2 0 0 2 1 1 0 0 0
1699 2 0 0 0 0 0 0 0 0
1700 2 0 0 0 0 0 0 0 0
1702 2 0 0 0 0 0 0 0 0
1703 2 0 0 0 0 0 0 0 0
1704 2 1 1 0 0 0 0 0 0
1705 2 0 0 0 0 0 0 0 0
1706 2 0 0 0 0 0 0 0 0
1707 2 0 0 0 0 0 0 0 0
1708 2 0 0 0 0 0 0 0 0
1821 4 1 1 0 0 0 0 0 0
1822 4 0 0 4 1 0 0 0 0
1823 4 0 0 4 1 0 0 0 0
1824 4 0 0 0 0 0 0 0 0
1825 4 0 0 0 0 0 0 0 0
1827 4 0 0 0 0 0 0 0 0
1828 4 0 0 0 0 0 0 0 0
1829 4 1 1 0 0 0 0 0 0
1830 4 0 0 0 0 0 0 0 0
1831 4 0 0 0 0 0 0 0 0
1832 4 0 0 0 0 0 0 0 0
1833 4 0 0 0 0 0 0 0 0
1834 4 0 0 4 0 0 0 0 0
1838 4 0 0 0 0 0 0 0 0
1839 4 0 0 0 0 0 0 0 0
1840 4 0 0 0 0 0 0 0 0
1846 4 0 0 0 0 0 0 0 0
1847 4 0 0 0 0 0 0 0 0
1848 8 0 0 0 0 0 0 0 0
1852 4 1 1 0 0 0 0 0 0
1853 4 0 0 0 0 0 0 0 0
1856 4 0 0 4 0 0 0 0 0
1857 4 0 0 4 2 1 0 0 0
1858 4 0 0 0 0 0 0 0 0
1861 4 0 0 0 0 0 0 0 0
1862 4 0 0 0 0 0 0 0 0
1863 4 0 0 0 0 0 0 0 0
1869 4 0 0 0 0 0 0 0 0
1870 4 0 0 0 0 0 0 0 0
1871 4 0 0 0 0 0 0 0 0
1872 4 0 0 0 0 0 0 0 0
1873 4 0 0 0 0 0 0 0 0
1874 4 1 1 0 0 0 0 0 0
1946 1 1 1 0 0 0 0 0 0
1947 1 0 0 1 0 0 0 0 0
1948 1 0 0 1 0 0 0 0 0
1949 1 0 0 0 0 0 0 0 0
1950 1 0 0 0 0 0 0 0 0
1952 1 0 0 0 0 0 0 0 0
1953 1 0 0 0 0 0 0 0 0
1954 1 1 1 0 0 0 0 0 0
1955 1 0 0 0 0 0 0 0 0
1956 1 0 0 0 0 0 0 0 0
1957 1 0 0 0 0 0 0 0 0
1958 1 0 0 0 0 0 0 0 0
1959 1 0 0 1 0 0 0 0 0
1963 1 0 0 0 0 0 0 0 0
1964 1 0 0 0 0 0 0 0 0
1965 1 0 0 0 0 0 0 0 0
1971 1 0 0 0 0 0 0 0 0
1972 1 0 0 0 0 0 0 0 0
1973 2 0 0 0 0 0 0 0 0
1977 1 1 1 0 0 0 0 0 0
1978 1 0 0 0 0 0 0 0 0
1981 1 0 0 1 0 0 0 0 0
1982 1 0 0 1 1 1 0 0 0
1983 1 0 0 0 0 0 0 0 0
1986 1 0 0 0 0 0 0 0 0
1987 1 0 0 0 0 0 0 0 0
1988 1 0 0 0 0 0 0 0 0
1994 1 0 0 0 0 0 0 0 0
1995 1 0 0 0 0 0 0 0 0
1996 1 0 0 0 0 0 0 0 0
1997 1 0 0 0 0 0 0 0 0
1998 1 0 0 0 0 0 0 0 0
1999 1 1 1 0 0 0 0 0 0
2071 1 1 1 0 0 0 0 0 0
2072 1 0 0 1 0 0 0 0 0
2073 1 0 0 1 1 1 0 0 0
2074 1 0 0 0 0 0 0 0 0
2075 1 0 0 0 0 0 0 0 0
2077 1 0 0 0 0 0 0 0 0
2078 1 0 0 0 0 0 0 0 0
2079 1 1 1 0 0 0 0 0 0
2080 1 0 0 0 0 0 0 0 0
2081 1 0 0 0 0 0 0 0 0
2082 1 0 0 0 0 0 0 0 0
2083 1 0 0 0 0 0 0 0 0
2200 6 0 0 0 0 0 0 0 0
2202 62 1 1 0 0 0 0 0 0
2203 62 0 0 0 0 0 0 0 0
2204 62 0 0 0 0 0 0 0 0
2205 62 0 0 0 0 0 0 0 0
2206 69 0 0 0 0 0 0 0 0
2211 220 1 1 0 0 0 0 0 0
2217 220 0 0 220 0 0 0 0 0
2218 220 0 0 220 0 0 0 0 0
2226 220 0 0 0 0 0 0 0 0
2227 220 0 0 220 0 0 0 0 0
fl=/build/glibc-9tT8Do/glibc-2.23/string/../sysdeps/x86_64/multiarch/strcmp.S
fn=strcasecmp
109 1 1 1 1 0 0 0 0 0
110 1 0 0 0 0 0 0 0 0
111 1 0 0 1 1 0 0 0 0
112 1 0 0 0 0 0 0 0 0
113 1 0 0 1 0 0 0 0 0
114 1 0 0 0 0 0 0 0 0
115 1 0 0 0 0 0 0 0 0
116 1 1 1 1 1 0 0 0 0
117 1 0 0 0 0 0 0 0 0
122 1 0 0 1 0 0 0 0 0
fn=strncasecmp
129 1 1 1 1 0 0 0 0 0
130 1 0 0 0 0 0 0 0 0
131 1 0 0 1 0 0 0 0 0
132 1 0 0 0 0 0 0 0 0
133 1 0 0 1 0 0 0 0 0
134 1 0 0 0 0 0 0 0 0
135 1 0 0 0 0 0 0 0 0
136 1 0 0 1 0 0 0 0 0
137 1 0 0 0 0 0 0 0 0
142 1 1 1 1 0 0 0 0 0
fl=/build/glibc-9tT8Do/glibc-2.23/string/../sysdeps/x86_64/multiarch/strcspn.S
fn=strcspn
45 1 1 1 1 0 0 0 0 0
46 1 0 0 0 0 0 0 0 0
47 1 0 0 1 0 0 0 0 0
48 1 0 0 0 0 0 0 0 0
49 1 0 0 0 0 0 0 0 0
50 1 0 0 1 0 0 0 0 0
fn=strpbrk
45 1 1 1 1 0 0 0 0 0
46 1 0 0 0 0 0 0 0 0
47 1 0 0 1 0 0 0 0 0
48 1 0 0 0 0 0 0 0 0
49 1 0 0 0 0 0 0 0 0
50 1 0 0 1 0 0 0 0 0
fl=/build/glibc-9tT8Do/glibc-2.23/string/../sysdeps/x86_64/multiarch/strspn.S
fn=strspn
30 1 1 1 1 0 0 0 0 0
31 1 0 0 0 0 0 0 0 0
32 1 0 0 1 0 0 0 0 0
33 1 0 0 0 0 0 0 0 0
34 1 0 0 0 0 0 0 0 0
35 1 0 0 1 0 0 0 0 0
fl=/build/glibc-9tT8Do/glibc-2.23/string/../sysdeps/x86_64/strlen.S
fn=strlen
66 127 2 2 0 0 0 0 0 0
67 127 0 0 0 0 0 0 0 0
68 127 0 0 0 0 0 0 0 0
69 127 0 0 0 0 0 0 0 0
70 127 1 1 0 0 0 0 0 0
71 127 0 0 0 0 0 0 0 0
72 127 0 0 0 0 0 0 0 0
74 127 0 0 0 0 0 0 0 0
76 127 0 0 0 0 0 0 0 0
106 125 0 0 125 0 0 0 0 0
107 125 0 0 0 0 0 0 0 0
108 125 0 0 0 0 0 0 0 0
109 125 0 0 0 0 0 0 0 0
110 125 0 0 0 0 0 0 0 0
111 118 0 0 0 0 0 0 0 0
112 118 0 0 118 0 0 0 0 0
116 7 0 0 0 0 0 0 0 0
117 7 1 1 7 0 0 0 0 0
118 7 0 0 7 0 0 0 0 0
119 7 0 0 7 0 0 0 0 0
120 7 0 0 0 0 0 0 0 0
121 7 0 0 0 0 0 0 0 0
122 7 0 0 0 0 0 0 0 0
123 7 0 0 0 0 0 0 0 0
124 7 0 0 0 0 0 0 0 0
125 7 0 0 0 0 0 0 0 0
126 7 0 0 0 0 0 0 0 0
127 7 0 0 0 0 0 0 0 0
132 56 0 0 7 0 0 0 0 0
136 2 2 2 0 0 0 0 0 0
137 28 1 1 8 0 0 0 0 0
138 16 1 1 2 0 0 0 0 0
fl=/build/glibc-9tT8Do/glibc-2.23/string/../sysdeps/x86_64/strrchr.S
fn=rindex
24 1 1 1 0 0 0 0 0 0
25 1 0 0 0 0 0 0 0 0
26 1 0 0 0 0 0 0 0 0
27 1 0 0 0 0 0 0 0 0
28 1 0 0 0 0 0 0 0 0
29 1 0 0 0 0 0 0 0 0
30 1 0 0 0 0 0 0 0 0
31 1 0 0 0 0 0 0 0 0
32 1 0 0 1 0 0 0 0 0
33 1 0 0 0 0 0 0 0 0
34 1 1 1 0 0 0 0 0 0
35 1 0 0 0 0 0 0 0 0
36 1 0 0 0 0 0 0 0 0
37 1 0 0 0 0 0 0 0 0
38 1 0 0 0 0 0 0 0 0
39 1 0 0 0 0 0 0 0 0
40 1 0 0 0 0 0 0 0 0
51 1 0 0 1 0 0 0 0 0
52 1 0 0 0 0 0 0 0 0
53 1 0 0 1 0 0 0 0 0
54 1 1 1 0 0 0 0 0 0
55 1 0 0 0 0 0 0 0 0
56 1 0 0 1 0 0 0 0 0
57 1 0 0 0 0 0 0 0 0
58 1 0 0 0 0 0 0 0 0
59 1 0 0 0 0 0 0 0 0
60 1 0 0 0 0 0 0 0 0
61 1 0 0 0 0 0 0 0 0
62 1 0 0 0 0 0 0 0 0
63 1 0 0 0 0 0 0 0 0
64 1 0 0 0 0 0 0 0 0
65 1 0 0 0 0 0 0 0 0
66 1 0 0 0 0 0 0 0 0
67 1 0 0 0 0 0 0 0 0
68 1 0 0 0 0 0 0 0 0
69 1 0 0 0 0 0 0 0 0
70 1 1 1 0 0 0 0 0 0
71 1 0 0 0 0 0 0 0 0
72 1 0 0 0 0 0 0 0 0
73 1 0 0 0 0 0 0 0 0
74 1 0 0 0 0 0 0 0 0
75 1 0 0 0 0 0 0 0 0
76 1 0 0 0 0 0 0 0 0
77 1 0 0 0 0 0 0 0 0
78 1 0 0 0 0 0 0 0 0
79 1 0 0 0 0 0 0 0 0
80 1 0 0 0 0 0 0 0 0
81 1 0 0 0 0 0 0 0 0
82 1 0 0 0 0 0 0 0 0
83 1 0 0 0 0 0 0 0 0
84 1 0 0 0 0 0 0 0 0
85 1 0 0 0 0 0 0 0 0
86 1 0 0 0 0 0 0 0 0
87 1 0 0 1 0 0 0 0 0
fl=/build/glibc-9tT8Do/glibc-2.23/string/../sysdeps/x86_64/strtok.S
fn=strtok
66 3641 1 1 0 0 0 0 0 0
67 3641 0 0 0 0 0 0 0 0
69 3641 0 0 0 0 0 0 0 0
70 3641 1 1 0 0 0 0 0 0
71 3641 0 0 0 0 0 0 0 0
72 3641 0 0 0 0 0 0 0 0
73 120153 0 0 0 0 0 116512 0 0
85 3641 0 0 3641 1 1 0 0 0
87 3641 0 0 0 0 0 0 0 0
91 3641 0 0 0 0 0 0 0 0
92 3641 0 0 0 0 0 0 0 0
93 3641 0 0 0 0 0 0 0 0
94 3641 0 0 0 0 0 0 0 0
95 3641 0 0 0 0 0 0 0 0
101 10923 0 0 10923 0 0 0 0 0
102 10923 0 0 0 0 0 0 0 0
103 10923 0 0 0 0 0 0 0 0
104 7282 0 0 0 0 0 7282 0 0
106 7282 0 0 7282 0 0 0 0 0
107 7282 0 0 0 0 0 0 0 0
108 7282 0 0 0 0 0 0 0 0
109 7282 0 0 0 0 0 7282 0 0
111 7282 0 0 7282 0 0 0 0 0
112 7282 0 0 0 0 0 0 0 0
113 7282 1 1 0 0 0 0 0 0
114 7282 0 0 0 0 0 7282 0 0
116 7282 0 0 7282 0 0 0 0 0
117 7282 0 0 0 0 0 0 0 0
118 7282 0 0 0 0 0 7282 0 0
119 7282 0 0 0 0 0 0 0 0
120 7282 0 0 0 0 0 0 0 0
124 3641 0 0 0 0 0 0 0 0
135 3643 0 0 0 0 0 0 0 0
137 3643 0 0 3643 0 0 0 0 0
138 3643 0 0 3643 0 0 0 0 0
139 3643 0 0 0 0 0 0 0 0
141 678 0 0 678 0 0 0 0 0
142 678 0 0 678 0 0 0 0 0
143 678 0 0 0 0 0 0 0 0
145 81 0 0 81 0 0 0 0 0
146 81 0 0 81 0 0 0 0 0
147 81 0 0 0 0 0 0 0 0
149 7 0 0 7 0 0 0 0 0
150 7 0 0 7 0 0 0 0 0
151 7 0 0 0 0 0 0 0 0
153 5 0 0 0 0 0 0 0 0
154 79 0 0 0 0 0 0 0 0
155 676 0 0 0 0 0 0 0 0
159 3641 1 1 0 0 0 0 0 0
161 5936 0 0 0 0 0 0 0 0
163 5936 0 0 5936 0 0 0 0 0
164 5936 0 0 5936 0 0 0 0 0
165 5936 0 0 0 0 0 0 0 0
167 5022 0 0 5022 0 0 0 0 0
168 5022 0 0 5022 0 0 0 0 0
169 5022 0 0 0 0 0 0 0 0
171 4457 0 0 4457 0 0 0 0 0
172 4457 0 0 4457 0 0 0 0 0
173 4457 0 0 0 0 0 0 0 0
175 3414 0 0 3414 0 0 0 0 0
176 3414 0 0 3414 0 0 0 0 0
177 3414 0 0 0 0 0 0 0 0
179 1119 0 0 0 0 0 0 0 0
180 2162 0 0 0 0 0 0 0 0
181 2727 0 0 0 0 0 0 0 0
183 3641 0 0 0 0 0 0 0 0
184 3641 0 0 0 0 0 0 0 0
186 3529 0 0 0 0 0 3529 0 0
189 3529 0 0 0 0 0 0 0 0
190 3529 1 1 0 0 0 0 0 0
191 3529 0 0 0 0 0 0 0 0
194 3529 0 0 0 0 0 3529 0 0
198 3641 0 0 0 0 0 0 0 0
200 3641 0 0 3641 0 0 0 0 0
203 112 0 0 0 0 0 0 0 0
205 112 0 0 0 0 0 112 0 0
206 112 0 0 0 0 0 0 0 0
fl=/build/glibc-9tT8Do/glibc-2.23/string/strdup.c
fn=strdup
40 12 0 0 0 0 0 6 0 0
41 6 1 1 0 0 0 3 0 0
42 6 0 0 0 0 0 3 0 0
44 6 0 0 0 0 0 0 0 0
47 12 0 0 0 0 0 0 0 0
48 9 0 0 6 0 0 0 0 0
fl=/build/glibc-9tT8Do/glibc-2.23/time/../sysdeps/generic/dl-hash.h
fn=gettimeofday
45 12 1 1 4 0 0 0 0 0
48 12 0 0 0 0 0 0 0 0
62 16 0 0 0 0 0 0 0 0
fn=time
45 12 0 0 4 1 1 0 0 0
48 12 1 1 0 0 0 0 0 0
62 16 0 0 0 0 0 0 0 0
fl=/build/glibc-9tT8Do/glibc-2.23/time/../sysdeps/unix/sysv/linux/x86/gettimeofday.c
fn=gettimeofday
36 1 0 0 0 0 0 0 0 0
37 11 2 2 0 0 0 4 0 0
40 3 0 0 0 0 0 1 0 0
41 3 0 0 0 0 0 0 0 0
42 2 0 0 1 0 0 0 0 0
fl=/build/glibc-9tT8Do/glibc-2.23/time/../sysdeps/unix/sysv/linux/x86/time.c
fn=time
37 1 0 0 0 0 0 0 0 0
38 11 2 2 0 0 0 4 0 0
41 3 0 0 0 0 0 1 0 0
42 3 0 0 0 0 0 0 0 0
43 2 0 0 1 0 0 0 0 0
fl=/home/dopitek/Przedrostki/fileop.c
fn=findddd
59 896 1 1 112 0 0 448 0 0
60 336 0 0 0 0 0 224 0 0
63 21958 0 0 3641 0 0 7282 0 0
66 24703 0 0 7058 0 0 3529 0 0
68 565 0 0 113 0 0 113 0 0
71 112 0 0 112 0 0 0 0 0
72 560 0 0 448 0 0 0 0 0
fn=parse_line
43 784 0 0 112 0 0 336 0 0
46 336 1 1 0 0 0 224 0 0
48 560 0 0 112 0 0 224 0 0
49 7394 1 1 3641 0 0 0 0 0
51 17645 0 0 3529 0 0 3529 0 0
53 14116 0 0 0 0 0 7058 0 0
55 112 0 0 112 0 0 0 0 0
56 560 0 0 448 0 0 0 0 0
fn=read
75 8 2 2 1 0 0 4 0 0
79 3 0 0 0 0 0 2 1 0
80 3 0 0 0 0 0 2 0 0
81 3 0 0 0 0 0 2 0 0
84 7 1 1 2 0 0 2 0 0
86 566 1 1 113 0 0 113 0 0
88 448 0 0 112 0 0 224 0 0
89 448 1 1 112 0 0 224 0 0
90 336 0 0 112 0 0 112 0 0
92 672 0 0 224 0 0 224 0 0
93 336 0 0 112 0 0 112 0 0
94 1462 0 0 225 0 0 450 1 0
96 565 0 0 226 0 0 113 0 0
101 1 0 0 1 0 0 0 0 0
102 5 0 0 4 0 0 0 0 0
fn=read_line
22 784 2 2 112 0 0 336 0 0
23 112 0 0 0 0 0 112 0 0
24 560 0 0 112 0 0 224 0 0
25 112 0 0 0 0 0 112 0 0
26 448 0 0 112 0 0 224 0 0
28 78278 2 2 39083 0 0 0 0 0
30 116910 0 0 58455 0 0 19485 34 33
32 19485 0 0 19485 0 0 0 0 0
33 136395 0 0 19485 0 0 19485 0 0
34 77940 0 0 19485 0 0 38970 0 0
36 112 0 0 112 0 0 0 0 0
37 560 0 0 448 0 0 0 0 0
fn=realloc_if_exeeds
13 116910 1 1 0 0 0 77940 0 0
14 77940 0 0 58455 0 0 0 0 0
16 25 0 0 15 0 0 5 0 0
17 50 0 0 25 0 0 10 0 0
19 58455 0 0 38970 0 0 0 0 0
fl=/home/dopitek/Przedrostki/main.c
fn=main
7 5 1 1 0 0 0 3 0 0
8 4 0 0 0 0 0 2 0 0
9 3 0 0 2 0 0 1 0 0
10 361 1 1 180 1 0 0 0 0
13 267 0 0 178 0 0 89 0 0
16 1 0 0 0 0 0 0 0 0
17 2 0 0 2 1 0 0 0 0
fl=/home/dopitek/Przedrostki/sortedlist.c
fn=add_element
16 565 0 0 0 0 0 339 0 0
17 226 0 0 113 0 0 113 0 0
20 452 0 0 226 0 0 0 0 0
22 40675 0 0 18722 15 0 3119 0 0
23 9033 0 0 6022 0 0 3011 0 0
26 1424 2 2 658 0 0 108 0 0
28 270 0 0 0 0 0 180 0 0
29 270 0 0 180 0 0 90 0 0
30 360 0 0 270 0 0 90 0 0
31 270 0 0 180 0 0 90 0 0
33 339 0 0 226 0 0 0 0 0
fn=initialize_list
9 3 1 1 0 0 0 1 0 0
10 3 1 1 0 0 0 2 0 0
11 2 0 0 1 0 0 1 0 0
12 1 0 0 1 0 0 0 0 0
13 2 0 0 2 0 0 0 0 0
fl=/home/dopitek/Przedrostki/stack.c
fn=initialize_stack
6 678 1 1 0 0 0 226 0 0
7 678 0 0 0 0 0 452 0 0
8 452 0 0 226 0 0 226 0 0
9 226 1 1 226 0 0 0 0 0
10 452 0 0 452 0 0 0 0 0
fn=pop
21 11598 0 0 0 0 0 7732 0 0
22 11598 0 0 7732 0 0 3866 0 0
25 19330 0 0 11598 0 0 0 0 0
27 10926 0 0 7284 0 0 3642 0 0
28 18210 1 1 14568 0 0 3642 0 0
29 7284 0 0 3642 0 0 0 0 0
32 224 0 0 0 0 0 0 0 0
33 7732 0 0 7732 0 0 0 0 0
fn=print_stack
36 448 0 0 0 0 0 224 0 0
37 224 0 0 112 0 0 112 0 0
38 1012 0 0 450 0 0 0 0 0
40 452 0 0 226 0 0 113 0 0
41 339 0 0 226 0 0 113 0 0
43 336 0 0 224 0 0 0 0 0
fn=push
13 18210 0 0 0 0 0 10926 0 0
14 10926 0 0 0 0 0 7284 0 0
15 10926 0 0 7284 0 0 3642 0 0
16 14568 0 0 10926 0 0 3642 0 0
17 10926 1 1 7284 0 0 3642 0 0
18 10926 0 0 7284 0 0 0 0 0
fl=/home/dopitek/Przedrostki/stringext.c
fn=has_prefix_ignore_case
7 21174 1 1 0 0 0 14116 0 0
9 226 0 0 226 0 0 0 0 0
10 14794 0 0 7284 0 0 0 0 0
12 49406 1 1 14116 2 0 10587 0 0
13 7058 0 0 3529 0 0 0 0 0
14 6832 0 0 3416 0 0 0 0 0
15 113 0 0 0 0 0 0 0 0
17 14116 1 1 10587 0 0 0 0 0
fn=strcmp_ignore_case
21 19362 0 0 0 0 0 12908 0 0
22 1536 0 0 1536 0 0 0 0 0
23 55930 0 0 15980 27 0 11985 0 0
24 11246 0 0 5623 0 0 0 0 0
25 6454 0 0 3227 0 0 0 0 0
26 768 0 0 0 0 0 0 0 0
27 12908 0 0 9681 0 0 0 0 0
fl=???
fn=???
0 42914 22 18 42810 6 1 38 1 1
fn=__libc_csu_init
0 34 3 3 8 1 0 8 0 0
fn=_dl_debug_initialize
0 4 0 0 3 0 0 0 0 0
fn=_start
0 11 2 2 1 0 0 3 0 0
fn=memcpy@GLIBC_2.2.5
0 18 2 2 4 0 0 0 0 0
summary: 3581372 1091 1076 1218698 2429 1999 666114 2562 2510
